(kicad_pcb (version 4) (host pcbnew 4.0.2+dfsg1-stable)

  (general
    (links 44)
    (no_connects 0)
    (area 101.524999 50.724999 127.075001 147.395001)
    (thickness 1.6)
    (drawings 8)
    (tracks 214)
    (zones 0)
    (modules 23)
    (nets 11)
  )

  (page A4)
  (layers
    (0 F.Cu signal)
    (31 B.Cu signal)
    (32 B.Adhes user)
    (33 F.Adhes user)
    (34 B.Paste user)
    (35 F.Paste user)
    (36 B.SilkS user)
    (37 F.SilkS user)
    (38 B.Mask user)
    (39 F.Mask user)
    (40 Dwgs.User user)
    (41 Cmts.User user)
    (42 Eco1.User user)
    (43 Eco2.User user)
    (44 Edge.Cuts user)
    (45 Margin user)
    (46 B.CrtYd user)
    (47 F.CrtYd user)
    (48 B.Fab user)
    (49 F.Fab user)
  )

  (setup
    (last_trace_width 0.25)
    (trace_clearance 0.2)
    (zone_clearance 0.508)
    (zone_45_only no)
    (trace_min 0.2)
    (segment_width 0.2)
    (edge_width 0.15)
    (via_size 0.6)
    (via_drill 0.4)
    (via_min_size 0.4)
    (via_min_drill 0.3)
    (uvia_size 0.3)
    (uvia_drill 0.1)
    (uvias_allowed no)
    (uvia_min_size 0.2)
    (uvia_min_drill 0.1)
    (pcb_text_width 0.3)
    (pcb_text_size 1.5 1.5)
    (mod_edge_width 0.15)
    (mod_text_size 1 1)
    (mod_text_width 0.15)
    (pad_size 1.524 1.524)
    (pad_drill 0.762)
    (pad_to_mask_clearance 0.2)
    (aux_axis_origin 0 0)
    (visible_elements FFFFFF7F)
    (pcbplotparams
      (layerselection 0x00030_80000001)
      (usegerberextensions false)
      (excludeedgelayer true)
      (linewidth 0.100000)
      (plotframeref false)
      (viasonmask false)
      (mode 1)
      (useauxorigin false)
      (hpglpennumber 1)
      (hpglpenspeed 20)
      (hpglpendiameter 15)
      (hpglpenoverlay 2)
      (psnegative false)
      (psa4output false)
      (plotreference true)
      (plotvalue true)
      (plotinvisibletext false)
      (padsonsilk false)
      (subtractmaskfromsilk false)
      (outputformat 1)
      (mirror false)
      (drillshape 1)
      (scaleselection 1)
      (outputdirectory ""))
  )

  (net 0 "")
  (net 1 /1)
  (net 2 "Net-(D1-Pad2)")
  (net 3 /2)
  (net 4 /3)
  (net 5 /4)
  (net 6 /5)
  (net 7 /6)
  (net 8 /7)
  (net 9 /8)
  (net 10 /S)

  (net_class Default "This is the default net class."
    (clearance 0.2)
    (trace_width 0.25)
    (via_dia 0.6)
    (via_drill 0.4)
    (uvia_dia 0.3)
    (uvia_drill 0.1)
    (add_net /1)
    (add_net /2)
    (add_net /3)
    (add_net /4)
    (add_net /5)
    (add_net /6)
    (add_net /7)
    (add_net /8)
    (add_net /S)
    (add_net "Net-(D1-Pad2)")
  )

  (module Tester_Connectors:RJ45_SHLD (layer F.Cu) (tedit 5A6E3C16) (tstamp 5A80C0DA)
    (at 114.3 55.88 180)
    (tags RJ45)
    (path /5A5323DE)
    (fp_text reference J1 (at 0 3.683 180) (layer F.SilkS)
      (effects (font (size 1 1) (thickness 0.15)))
    )
    (fp_text value RJ45 (at 0.14224 -0.1016 180) (layer F.Fab)
      (effects (font (size 1 1) (thickness 0.15)))
    )
    (fp_line (start 7.62 -1.016) (end 7.62 -10.16) (layer F.SilkS) (width 0.15))
    (fp_line (start 7.62 -10.16) (end -7.62 -10.16) (layer F.SilkS) (width 0.15))
    (fp_line (start -7.62 -10.16) (end -7.62 -1.016) (layer F.SilkS) (width 0.15))
    (fp_line (start 7.62 4.572) (end 7.62 4.826) (layer F.SilkS) (width 0.15))
    (fp_line (start 7.62 4.826) (end -7.62 4.826) (layer F.SilkS) (width 0.15))
    (fp_line (start -7.62 4.826) (end -7.62 4.572) (layer F.SilkS) (width 0.15))
    (fp_line (start -7.62 1.524) (end -7.62 1.016) (layer F.SilkS) (width 0.15))
    (fp_line (start 7.62 1.016) (end 7.62 1.524) (layer F.SilkS) (width 0.15))
    (pad 9 thru_hole oval (at -7.62 3.048 180) (size 1.397 2.54) (drill oval 0.762 1.905) (layers *.Cu *.Mask F.SilkS)
      (net 10 /S))
    (pad "" np_thru_hole circle (at 5.93852 0 180) (size 3.64998 3.64998) (drill 3.2512) (layers *.Cu *.SilkS *.Mask))
    (pad Hole np_thru_hole circle (at -5.9309 0 180) (size 3.64998 3.64998) (drill 3.2512) (layers *.Cu *.SilkS *.Mask))
    (pad 1 thru_hole rect (at -4.445 -6.35 180) (size 1.50114 1.50114) (drill 0.89916) (layers *.Cu *.Mask F.SilkS)
      (net 1 /1))
    (pad 2 thru_hole circle (at -3.175 -8.89 180) (size 1.50114 1.50114) (drill 0.89916) (layers *.Cu *.Mask F.SilkS)
      (net 3 /2))
    (pad 3 thru_hole circle (at -1.905 -6.35 180) (size 1.50114 1.50114) (drill 0.89916) (layers *.Cu *.Mask F.SilkS)
      (net 4 /3))
    (pad 4 thru_hole circle (at -0.635 -8.89 180) (size 1.50114 1.50114) (drill 0.89916) (layers *.Cu *.Mask F.SilkS)
      (net 5 /4))
    (pad 5 thru_hole circle (at 0.635 -6.35 180) (size 1.50114 1.50114) (drill 0.89916) (layers *.Cu *.Mask F.SilkS)
      (net 6 /5))
    (pad 6 thru_hole circle (at 1.905 -8.89 180) (size 1.50114 1.50114) (drill 0.89916) (layers *.Cu *.Mask F.SilkS)
      (net 7 /6))
    (pad 7 thru_hole circle (at 3.175 -6.35 180) (size 1.50114 1.50114) (drill 0.89916) (layers *.Cu *.Mask F.SilkS)
      (net 8 /7))
    (pad 8 thru_hole circle (at 4.445 -8.89 180) (size 1.50114 1.50114) (drill 0.89916) (layers *.Cu *.Mask F.SilkS)
      (net 9 /8))
    (pad 9 thru_hole oval (at 7.62 3.048 180) (size 1.397 2.54) (drill oval 0.762 1.905) (layers *.Cu *.Mask F.SilkS)
      (net 10 /S))
    (model Connect.3dshapes/RJ45_8.wrl
      (at (xyz 0 0 0))
      (scale (xyz 0.4 0.4 0.4))
      (rotate (xyz 0 0 0))
    )
  )

  (module Diodes_SMD:SOD-123 (layer F.Cu) (tedit 5A879BC3) (tstamp 5A80C032)
    (at 120.65 69.85)
    (descr SOD-123)
    (tags SOD-123)
    (path /5A532468)
    (attr smd)
    (fp_text reference D1 (at 0 -2) (layer F.SilkS)
      (effects (font (size 1 1) (thickness 0.15)))
    )
    (fp_text value D (at 0 2.1) (layer F.Fab) hide
      (effects (font (size 1 1) (thickness 0.15)))
    )
    (fp_line (start 0.3175 0) (end 0.6985 0) (layer F.SilkS) (width 0.15))
    (fp_line (start -0.6985 0) (end -0.3175 0) (layer F.SilkS) (width 0.15))
    (fp_line (start -0.3175 0) (end 0.3175 -0.381) (layer F.SilkS) (width 0.15))
    (fp_line (start 0.3175 -0.381) (end 0.3175 0.381) (layer F.SilkS) (width 0.15))
    (fp_line (start 0.3175 0.381) (end -0.3175 0) (layer F.SilkS) (width 0.15))
    (fp_line (start -0.3175 -0.508) (end -0.3175 0.508) (layer F.SilkS) (width 0.15))
    (fp_line (start -2.25 -1.05) (end 2.25 -1.05) (layer F.CrtYd) (width 0.05))
    (fp_line (start 2.25 -1.05) (end 2.25 1.05) (layer F.CrtYd) (width 0.05))
    (fp_line (start 2.25 1.05) (end -2.25 1.05) (layer F.CrtYd) (width 0.05))
    (fp_line (start -2.25 -1.05) (end -2.25 1.05) (layer F.CrtYd) (width 0.05))
    (fp_line (start -2 0.9) (end 1.54 0.9) (layer F.SilkS) (width 0.15))
    (fp_line (start -2 -0.9) (end 1.54 -0.9) (layer F.SilkS) (width 0.15))
    (pad 1 smd rect (at -1.635 0) (size 0.91 1.22) (layers F.Cu F.Paste F.Mask)
      (net 1 /1))
    (pad 2 smd rect (at 1.635 0) (size 0.91 1.22) (layers F.Cu F.Paste F.Mask)
      (net 2 "Net-(D1-Pad2)"))
  )

  (module Diodes_SMD:SOD-123 (layer B.Cu) (tedit 5A879BD6) (tstamp 5A80C044)
    (at 120.65 82.55)
    (descr SOD-123)
    (tags SOD-123)
    (path /5A53266E)
    (attr smd)
    (fp_text reference D2 (at 0 2) (layer B.SilkS)
      (effects (font (size 1 1) (thickness 0.15)) (justify mirror))
    )
    (fp_text value D (at 0 -2.1) (layer B.Fab) hide
      (effects (font (size 1 1) (thickness 0.15)) (justify mirror))
    )
    (fp_line (start 0.3175 0) (end 0.6985 0) (layer B.SilkS) (width 0.15))
    (fp_line (start -0.6985 0) (end -0.3175 0) (layer B.SilkS) (width 0.15))
    (fp_line (start -0.3175 0) (end 0.3175 0.381) (layer B.SilkS) (width 0.15))
    (fp_line (start 0.3175 0.381) (end 0.3175 -0.381) (layer B.SilkS) (width 0.15))
    (fp_line (start 0.3175 -0.381) (end -0.3175 0) (layer B.SilkS) (width 0.15))
    (fp_line (start -0.3175 0.508) (end -0.3175 -0.508) (layer B.SilkS) (width 0.15))
    (fp_line (start -2.25 1.05) (end 2.25 1.05) (layer B.CrtYd) (width 0.05))
    (fp_line (start 2.25 1.05) (end 2.25 -1.05) (layer B.CrtYd) (width 0.05))
    (fp_line (start 2.25 -1.05) (end -2.25 -1.05) (layer B.CrtYd) (width 0.05))
    (fp_line (start -2.25 1.05) (end -2.25 -1.05) (layer B.CrtYd) (width 0.05))
    (fp_line (start -2 -0.9) (end 1.54 -0.9) (layer B.SilkS) (width 0.15))
    (fp_line (start -2 0.9) (end 1.54 0.9) (layer B.SilkS) (width 0.15))
    (pad 1 smd rect (at -1.635 0) (size 0.91 1.22) (layers B.Cu B.Paste B.Mask)
      (net 3 /2))
    (pad 2 smd rect (at 1.635 0) (size 0.91 1.22) (layers B.Cu B.Paste B.Mask)
      (net 2 "Net-(D1-Pad2)"))
  )

  (module Diodes_SMD:SOD-123 (layer F.Cu) (tedit 5A879BCD) (tstamp 5A80C056)
    (at 120.65 82.55)
    (descr SOD-123)
    (tags SOD-123)
    (path /5A532782)
    (attr smd)
    (fp_text reference D3 (at 0 -2) (layer F.SilkS)
      (effects (font (size 1 1) (thickness 0.15)))
    )
    (fp_text value D (at 0 2.1) (layer F.Fab) hide
      (effects (font (size 1 1) (thickness 0.15)))
    )
    (fp_line (start 0.3175 0) (end 0.6985 0) (layer F.SilkS) (width 0.15))
    (fp_line (start -0.6985 0) (end -0.3175 0) (layer F.SilkS) (width 0.15))
    (fp_line (start -0.3175 0) (end 0.3175 -0.381) (layer F.SilkS) (width 0.15))
    (fp_line (start 0.3175 -0.381) (end 0.3175 0.381) (layer F.SilkS) (width 0.15))
    (fp_line (start 0.3175 0.381) (end -0.3175 0) (layer F.SilkS) (width 0.15))
    (fp_line (start -0.3175 -0.508) (end -0.3175 0.508) (layer F.SilkS) (width 0.15))
    (fp_line (start -2.25 -1.05) (end 2.25 -1.05) (layer F.CrtYd) (width 0.05))
    (fp_line (start 2.25 -1.05) (end 2.25 1.05) (layer F.CrtYd) (width 0.05))
    (fp_line (start 2.25 1.05) (end -2.25 1.05) (layer F.CrtYd) (width 0.05))
    (fp_line (start -2.25 -1.05) (end -2.25 1.05) (layer F.CrtYd) (width 0.05))
    (fp_line (start -2 0.9) (end 1.54 0.9) (layer F.SilkS) (width 0.15))
    (fp_line (start -2 -0.9) (end 1.54 -0.9) (layer F.SilkS) (width 0.15))
    (pad 1 smd rect (at -1.635 0) (size 0.91 1.22) (layers F.Cu F.Paste F.Mask)
      (net 4 /3))
    (pad 2 smd rect (at 1.635 0) (size 0.91 1.22) (layers F.Cu F.Paste F.Mask)
      (net 2 "Net-(D1-Pad2)"))
  )

  (module Diodes_SMD:SOD-123 (layer B.Cu) (tedit 5A879BEB) (tstamp 5A80C068)
    (at 120.65 87.63)
    (descr SOD-123)
    (tags SOD-123)
    (path /5A532794)
    (attr smd)
    (fp_text reference D4 (at 0 2) (layer B.SilkS)
      (effects (font (size 1 1) (thickness 0.15)) (justify mirror))
    )
    (fp_text value D (at 0 -2.1) (layer B.Fab) hide
      (effects (font (size 1 1) (thickness 0.15)) (justify mirror))
    )
    (fp_line (start 0.3175 0) (end 0.6985 0) (layer B.SilkS) (width 0.15))
    (fp_line (start -0.6985 0) (end -0.3175 0) (layer B.SilkS) (width 0.15))
    (fp_line (start -0.3175 0) (end 0.3175 0.381) (layer B.SilkS) (width 0.15))
    (fp_line (start 0.3175 0.381) (end 0.3175 -0.381) (layer B.SilkS) (width 0.15))
    (fp_line (start 0.3175 -0.381) (end -0.3175 0) (layer B.SilkS) (width 0.15))
    (fp_line (start -0.3175 0.508) (end -0.3175 -0.508) (layer B.SilkS) (width 0.15))
    (fp_line (start -2.25 1.05) (end 2.25 1.05) (layer B.CrtYd) (width 0.05))
    (fp_line (start 2.25 1.05) (end 2.25 -1.05) (layer B.CrtYd) (width 0.05))
    (fp_line (start 2.25 -1.05) (end -2.25 -1.05) (layer B.CrtYd) (width 0.05))
    (fp_line (start -2.25 1.05) (end -2.25 -1.05) (layer B.CrtYd) (width 0.05))
    (fp_line (start -2 -0.9) (end 1.54 -0.9) (layer B.SilkS) (width 0.15))
    (fp_line (start -2 0.9) (end 1.54 0.9) (layer B.SilkS) (width 0.15))
    (pad 1 smd rect (at -1.635 0) (size 0.91 1.22) (layers B.Cu B.Paste B.Mask)
      (net 5 /4))
    (pad 2 smd rect (at 1.635 0) (size 0.91 1.22) (layers B.Cu B.Paste B.Mask)
      (net 2 "Net-(D1-Pad2)"))
  )

  (module Diodes_SMD:SOD-123 (layer F.Cu) (tedit 5A879BE4) (tstamp 5A80C07A)
    (at 120.65 87.63)
    (descr SOD-123)
    (tags SOD-123)
    (path /5A532ABE)
    (attr smd)
    (fp_text reference D5 (at 0 -2) (layer F.SilkS)
      (effects (font (size 1 1) (thickness 0.15)))
    )
    (fp_text value D (at 0 2.1) (layer F.Fab) hide
      (effects (font (size 1 1) (thickness 0.15)))
    )
    (fp_line (start 0.3175 0) (end 0.6985 0) (layer F.SilkS) (width 0.15))
    (fp_line (start -0.6985 0) (end -0.3175 0) (layer F.SilkS) (width 0.15))
    (fp_line (start -0.3175 0) (end 0.3175 -0.381) (layer F.SilkS) (width 0.15))
    (fp_line (start 0.3175 -0.381) (end 0.3175 0.381) (layer F.SilkS) (width 0.15))
    (fp_line (start 0.3175 0.381) (end -0.3175 0) (layer F.SilkS) (width 0.15))
    (fp_line (start -0.3175 -0.508) (end -0.3175 0.508) (layer F.SilkS) (width 0.15))
    (fp_line (start -2.25 -1.05) (end 2.25 -1.05) (layer F.CrtYd) (width 0.05))
    (fp_line (start 2.25 -1.05) (end 2.25 1.05) (layer F.CrtYd) (width 0.05))
    (fp_line (start 2.25 1.05) (end -2.25 1.05) (layer F.CrtYd) (width 0.05))
    (fp_line (start -2.25 -1.05) (end -2.25 1.05) (layer F.CrtYd) (width 0.05))
    (fp_line (start -2 0.9) (end 1.54 0.9) (layer F.SilkS) (width 0.15))
    (fp_line (start -2 -0.9) (end 1.54 -0.9) (layer F.SilkS) (width 0.15))
    (pad 1 smd rect (at -1.635 0) (size 0.91 1.22) (layers F.Cu F.Paste F.Mask)
      (net 6 /5))
    (pad 2 smd rect (at 1.635 0) (size 0.91 1.22) (layers F.Cu F.Paste F.Mask)
      (net 2 "Net-(D1-Pad2)"))
  )

  (module Diodes_SMD:SOD-123 (layer B.Cu) (tedit 5A879BF9) (tstamp 5A80C08C)
    (at 120.65 92.71)
    (descr SOD-123)
    (tags SOD-123)
    (path /5A532AD0)
    (attr smd)
    (fp_text reference D6 (at 0 2) (layer B.SilkS)
      (effects (font (size 1 1) (thickness 0.15)) (justify mirror))
    )
    (fp_text value D (at 0 -2.1) (layer B.Fab) hide
      (effects (font (size 1 1) (thickness 0.15)) (justify mirror))
    )
    (fp_line (start 0.3175 0) (end 0.6985 0) (layer B.SilkS) (width 0.15))
    (fp_line (start -0.6985 0) (end -0.3175 0) (layer B.SilkS) (width 0.15))
    (fp_line (start -0.3175 0) (end 0.3175 0.381) (layer B.SilkS) (width 0.15))
    (fp_line (start 0.3175 0.381) (end 0.3175 -0.381) (layer B.SilkS) (width 0.15))
    (fp_line (start 0.3175 -0.381) (end -0.3175 0) (layer B.SilkS) (width 0.15))
    (fp_line (start -0.3175 0.508) (end -0.3175 -0.508) (layer B.SilkS) (width 0.15))
    (fp_line (start -2.25 1.05) (end 2.25 1.05) (layer B.CrtYd) (width 0.05))
    (fp_line (start 2.25 1.05) (end 2.25 -1.05) (layer B.CrtYd) (width 0.05))
    (fp_line (start 2.25 -1.05) (end -2.25 -1.05) (layer B.CrtYd) (width 0.05))
    (fp_line (start -2.25 1.05) (end -2.25 -1.05) (layer B.CrtYd) (width 0.05))
    (fp_line (start -2 -0.9) (end 1.54 -0.9) (layer B.SilkS) (width 0.15))
    (fp_line (start -2 0.9) (end 1.54 0.9) (layer B.SilkS) (width 0.15))
    (pad 1 smd rect (at -1.635 0) (size 0.91 1.22) (layers B.Cu B.Paste B.Mask)
      (net 7 /6))
    (pad 2 smd rect (at 1.635 0) (size 0.91 1.22) (layers B.Cu B.Paste B.Mask)
      (net 2 "Net-(D1-Pad2)"))
  )

  (module Diodes_SMD:SOD-123 (layer F.Cu) (tedit 5A879BF3) (tstamp 5A80C09E)
    (at 120.65 92.71)
    (descr SOD-123)
    (tags SOD-123)
    (path /5A532AE2)
    (attr smd)
    (fp_text reference D7 (at 0 -2) (layer F.SilkS)
      (effects (font (size 1 1) (thickness 0.15)))
    )
    (fp_text value D (at 0 2.1) (layer F.Fab) hide
      (effects (font (size 1 1) (thickness 0.15)))
    )
    (fp_line (start 0.3175 0) (end 0.6985 0) (layer F.SilkS) (width 0.15))
    (fp_line (start -0.6985 0) (end -0.3175 0) (layer F.SilkS) (width 0.15))
    (fp_line (start -0.3175 0) (end 0.3175 -0.381) (layer F.SilkS) (width 0.15))
    (fp_line (start 0.3175 -0.381) (end 0.3175 0.381) (layer F.SilkS) (width 0.15))
    (fp_line (start 0.3175 0.381) (end -0.3175 0) (layer F.SilkS) (width 0.15))
    (fp_line (start -0.3175 -0.508) (end -0.3175 0.508) (layer F.SilkS) (width 0.15))
    (fp_line (start -2.25 -1.05) (end 2.25 -1.05) (layer F.CrtYd) (width 0.05))
    (fp_line (start 2.25 -1.05) (end 2.25 1.05) (layer F.CrtYd) (width 0.05))
    (fp_line (start 2.25 1.05) (end -2.25 1.05) (layer F.CrtYd) (width 0.05))
    (fp_line (start -2.25 -1.05) (end -2.25 1.05) (layer F.CrtYd) (width 0.05))
    (fp_line (start -2 0.9) (end 1.54 0.9) (layer F.SilkS) (width 0.15))
    (fp_line (start -2 -0.9) (end 1.54 -0.9) (layer F.SilkS) (width 0.15))
    (pad 1 smd rect (at -1.635 0) (size 0.91 1.22) (layers F.Cu F.Paste F.Mask)
      (net 8 /7))
    (pad 2 smd rect (at 1.635 0) (size 0.91 1.22) (layers F.Cu F.Paste F.Mask)
      (net 2 "Net-(D1-Pad2)"))
  )

  (module Diodes_SMD:SOD-123 (layer B.Cu) (tedit 5A879C0A) (tstamp 5A80C0B0)
    (at 120.65 97.79)
    (descr SOD-123)
    (tags SOD-123)
    (path /5A532AF4)
    (attr smd)
    (fp_text reference D8 (at 0 2) (layer B.SilkS)
      (effects (font (size 1 1) (thickness 0.15)) (justify mirror))
    )
    (fp_text value D (at 0 -2.1) (layer B.Fab) hide
      (effects (font (size 1 1) (thickness 0.15)) (justify mirror))
    )
    (fp_line (start 0.3175 0) (end 0.6985 0) (layer B.SilkS) (width 0.15))
    (fp_line (start -0.6985 0) (end -0.3175 0) (layer B.SilkS) (width 0.15))
    (fp_line (start -0.3175 0) (end 0.3175 0.381) (layer B.SilkS) (width 0.15))
    (fp_line (start 0.3175 0.381) (end 0.3175 -0.381) (layer B.SilkS) (width 0.15))
    (fp_line (start 0.3175 -0.381) (end -0.3175 0) (layer B.SilkS) (width 0.15))
    (fp_line (start -0.3175 0.508) (end -0.3175 -0.508) (layer B.SilkS) (width 0.15))
    (fp_line (start -2.25 1.05) (end 2.25 1.05) (layer B.CrtYd) (width 0.05))
    (fp_line (start 2.25 1.05) (end 2.25 -1.05) (layer B.CrtYd) (width 0.05))
    (fp_line (start 2.25 -1.05) (end -2.25 -1.05) (layer B.CrtYd) (width 0.05))
    (fp_line (start -2.25 1.05) (end -2.25 -1.05) (layer B.CrtYd) (width 0.05))
    (fp_line (start -2 -0.9) (end 1.54 -0.9) (layer B.SilkS) (width 0.15))
    (fp_line (start -2 0.9) (end 1.54 0.9) (layer B.SilkS) (width 0.15))
    (pad 1 smd rect (at -1.635 0) (size 0.91 1.22) (layers B.Cu B.Paste B.Mask)
      (net 9 /8))
    (pad 2 smd rect (at 1.635 0) (size 0.91 1.22) (layers B.Cu B.Paste B.Mask)
      (net 2 "Net-(D1-Pad2)"))
  )

  (module Diodes_SMD:SOD-123 (layer F.Cu) (tedit 5A879C02) (tstamp 5A80C0C2)
    (at 120.65 97.79)
    (descr SOD-123)
    (tags SOD-123)
    (path /5A532B78)
    (attr smd)
    (fp_text reference D9 (at 0 -2) (layer F.SilkS)
      (effects (font (size 1 1) (thickness 0.15)))
    )
    (fp_text value D (at 0 2.1) (layer F.Fab) hide
      (effects (font (size 1 1) (thickness 0.15)))
    )
    (fp_line (start 0.3175 0) (end 0.6985 0) (layer F.SilkS) (width 0.15))
    (fp_line (start -0.6985 0) (end -0.3175 0) (layer F.SilkS) (width 0.15))
    (fp_line (start -0.3175 0) (end 0.3175 -0.381) (layer F.SilkS) (width 0.15))
    (fp_line (start 0.3175 -0.381) (end 0.3175 0.381) (layer F.SilkS) (width 0.15))
    (fp_line (start 0.3175 0.381) (end -0.3175 0) (layer F.SilkS) (width 0.15))
    (fp_line (start -0.3175 -0.508) (end -0.3175 0.508) (layer F.SilkS) (width 0.15))
    (fp_line (start -2.25 -1.05) (end 2.25 -1.05) (layer F.CrtYd) (width 0.05))
    (fp_line (start 2.25 -1.05) (end 2.25 1.05) (layer F.CrtYd) (width 0.05))
    (fp_line (start 2.25 1.05) (end -2.25 1.05) (layer F.CrtYd) (width 0.05))
    (fp_line (start -2.25 -1.05) (end -2.25 1.05) (layer F.CrtYd) (width 0.05))
    (fp_line (start -2 0.9) (end 1.54 0.9) (layer F.SilkS) (width 0.15))
    (fp_line (start -2 -0.9) (end 1.54 -0.9) (layer F.SilkS) (width 0.15))
    (pad 1 smd rect (at -1.635 0) (size 0.91 1.22) (layers F.Cu F.Paste F.Mask)
      (net 10 /S))
    (pad 2 smd rect (at 1.635 0) (size 0.91 1.22) (layers F.Cu F.Paste F.Mask)
      (net 2 "Net-(D1-Pad2)"))
  )

  (module Tester_Connectors:RJ12_SHLD (layer F.Cu) (tedit 5A7E5BAA) (tstamp 5A80C0F0)
    (at 114.3 142.24)
    (path /5A5322D1)
    (fp_text reference J2 (at 0 3.683) (layer F.SilkS)
      (effects (font (size 1 1) (thickness 0.15)))
    )
    (fp_text value RJ12 (at 0 -2.54) (layer F.Fab)
      (effects (font (size 1 1) (thickness 0.15)))
    )
    (fp_line (start -6.858 -1.016) (end -6.858 -10.16) (layer F.SilkS) (width 0.15))
    (fp_line (start -6.858 -10.16) (end 6.858 -10.16) (layer F.SilkS) (width 0.15))
    (fp_line (start 6.858 -10.16) (end 6.858 -1.016) (layer F.SilkS) (width 0.15))
    (fp_line (start 6.858 1.016) (end 6.858 1.524) (layer F.SilkS) (width 0.15))
    (fp_line (start -6.858 0.889) (end -6.858 1.524) (layer F.SilkS) (width 0.15))
    (fp_line (start -6.858 4.572) (end -6.858 4.826) (layer F.SilkS) (width 0.15))
    (fp_line (start -6.858 4.826) (end 6.858 4.826) (layer F.SilkS) (width 0.15))
    (fp_line (start 6.858 4.826) (end 6.858 4.572) (layer F.SilkS) (width 0.15))
    (pad 4 thru_hole circle (at 0.619 -6.35) (size 1.524 1.524) (drill 0.8128) (layers *.Cu *.Mask F.SilkS)
      (net 5 /4))
    (pad 2 thru_hole circle (at -1.921 -6.35) (size 1.524 1.524) (drill 0.8128) (layers *.Cu *.Mask F.SilkS)
      (net 3 /2))
    (pad 6 thru_hole circle (at 3.159 -6.35) (size 1.524 1.524) (drill 0.8128) (layers *.Cu *.Mask F.SilkS)
      (net 7 /6))
    (pad 1 thru_hole circle (at -3.191 -8.89) (size 1.524 1.524) (drill 0.8128) (layers *.Cu *.Mask F.SilkS)
      (net 1 /1))
    (pad 3 thru_hole circle (at -0.651 -8.89) (size 1.524 1.524) (drill 0.8128) (layers *.Cu *.Mask F.SilkS)
      (net 4 /3))
    (pad 5 thru_hole circle (at 1.889 -8.89) (size 1.524 1.524) (drill 0.8128) (layers *.Cu *.Mask F.SilkS)
      (net 6 /5))
    (pad 8 thru_hole oval (at 6.858 3.048) (size 1.397 2.54) (drill oval 0.762 1.905) (layers *.Cu *.Mask F.SilkS)
      (net 10 /S))
    (pad 7 thru_hole oval (at -6.858 3.048) (size 1.397 2.54) (drill oval 0.762 1.905) (layers *.Cu *.Mask F.SilkS)
      (net 10 /S))
    (pad "" np_thru_hole circle (at 5.08 0) (size 3.64998 3.64998) (drill 3.2512) (layers *.Cu *.Mask F.SilkS))
    (pad "" np_thru_hole circle (at -5.08 0) (size 3.64998 3.64998) (drill 3.2512) (layers *.Cu *.Mask F.SilkS))
  )

  (module LEDs:LED-3MM (layer F.Cu) (tedit 559B82F6) (tstamp 5A80C101)
    (at 115.57 72.0852 180)
    (descr "LED 3mm round vertical")
    (tags "LED  3mm round vertical")
    (path /5A532417)
    (fp_text reference LED1 (at 1.91 3.06 180) (layer F.SilkS)
      (effects (font (size 1 1) (thickness 0.15)))
    )
    (fp_text value LED (at 1.3 -2.9 180) (layer F.Fab)
      (effects (font (size 1 1) (thickness 0.15)))
    )
    (fp_line (start -1.2 2.3) (end 3.8 2.3) (layer F.CrtYd) (width 0.05))
    (fp_line (start 3.8 2.3) (end 3.8 -2.2) (layer F.CrtYd) (width 0.05))
    (fp_line (start 3.8 -2.2) (end -1.2 -2.2) (layer F.CrtYd) (width 0.05))
    (fp_line (start -1.2 -2.2) (end -1.2 2.3) (layer F.CrtYd) (width 0.05))
    (fp_line (start -0.199 1.314) (end -0.199 1.114) (layer F.SilkS) (width 0.15))
    (fp_line (start -0.199 -1.28) (end -0.199 -1.1) (layer F.SilkS) (width 0.15))
    (fp_arc (start 1.301 0.034) (end -0.199 -1.286) (angle 108.5) (layer F.SilkS) (width 0.15))
    (fp_arc (start 1.301 0.034) (end 0.25 -1.1) (angle 85.7) (layer F.SilkS) (width 0.15))
    (fp_arc (start 1.311 0.034) (end 3.051 0.994) (angle 110) (layer F.SilkS) (width 0.15))
    (fp_arc (start 1.301 0.034) (end 2.335 1.094) (angle 87.5) (layer F.SilkS) (width 0.15))
    (fp_text user K (at -1.69 1.74 180) (layer F.SilkS)
      (effects (font (size 1 1) (thickness 0.15)))
    )
    (pad 1 thru_hole rect (at 0 0 270) (size 2 2) (drill 1.00076) (layers *.Cu *.Mask F.SilkS)
      (net 2 "Net-(D1-Pad2)"))
    (pad 2 thru_hole circle (at 2.54 0 180) (size 2 2) (drill 1.00076) (layers *.Cu *.Mask F.SilkS)
      (net 1 /1))
    (model LEDs.3dshapes/LED-3MM.wrl
      (at (xyz 0.05 0 0))
      (scale (xyz 1 1 1))
      (rotate (xyz 0 0 90))
    )
  )

  (module LEDs:LED-3MM (layer F.Cu) (tedit 559B82F6) (tstamp 5A80C112)
    (at 115.57 76.4667 180)
    (descr "LED 3mm round vertical")
    (tags "LED  3mm round vertical")
    (path /5A532668)
    (fp_text reference LED2 (at 1.91 3.06 180) (layer F.SilkS)
      (effects (font (size 1 1) (thickness 0.15)))
    )
    (fp_text value LED (at 1.3 -2.9 180) (layer F.Fab)
      (effects (font (size 1 1) (thickness 0.15)))
    )
    (fp_line (start -1.2 2.3) (end 3.8 2.3) (layer F.CrtYd) (width 0.05))
    (fp_line (start 3.8 2.3) (end 3.8 -2.2) (layer F.CrtYd) (width 0.05))
    (fp_line (start 3.8 -2.2) (end -1.2 -2.2) (layer F.CrtYd) (width 0.05))
    (fp_line (start -1.2 -2.2) (end -1.2 2.3) (layer F.CrtYd) (width 0.05))
    (fp_line (start -0.199 1.314) (end -0.199 1.114) (layer F.SilkS) (width 0.15))
    (fp_line (start -0.199 -1.28) (end -0.199 -1.1) (layer F.SilkS) (width 0.15))
    (fp_arc (start 1.301 0.034) (end -0.199 -1.286) (angle 108.5) (layer F.SilkS) (width 0.15))
    (fp_arc (start 1.301 0.034) (end 0.25 -1.1) (angle 85.7) (layer F.SilkS) (width 0.15))
    (fp_arc (start 1.311 0.034) (end 3.051 0.994) (angle 110) (layer F.SilkS) (width 0.15))
    (fp_arc (start 1.301 0.034) (end 2.335 1.094) (angle 87.5) (layer F.SilkS) (width 0.15))
    (fp_text user K (at -1.69 1.74 180) (layer F.SilkS)
      (effects (font (size 1 1) (thickness 0.15)))
    )
    (pad 1 thru_hole rect (at 0 0 270) (size 2 2) (drill 1.00076) (layers *.Cu *.Mask F.SilkS)
      (net 2 "Net-(D1-Pad2)"))
    (pad 2 thru_hole circle (at 2.54 0 180) (size 2 2) (drill 1.00076) (layers *.Cu *.Mask F.SilkS)
      (net 3 /2))
    (model LEDs.3dshapes/LED-3MM.wrl
      (at (xyz 0.05 0 0))
      (scale (xyz 1 1 1))
      (rotate (xyz 0 0 90))
    )
  )

  (module LEDs:LED-3MM (layer F.Cu) (tedit 559B82F6) (tstamp 5A80C123)
    (at 115.57 80.8482 180)
    (descr "LED 3mm round vertical")
    (tags "LED  3mm round vertical")
    (path /5A53277C)
    (fp_text reference LED3 (at 1.91 3.06 180) (layer F.SilkS)
      (effects (font (size 1 1) (thickness 0.15)))
    )
    (fp_text value LED (at 1.3 -2.9 180) (layer F.Fab)
      (effects (font (size 1 1) (thickness 0.15)))
    )
    (fp_line (start -1.2 2.3) (end 3.8 2.3) (layer F.CrtYd) (width 0.05))
    (fp_line (start 3.8 2.3) (end 3.8 -2.2) (layer F.CrtYd) (width 0.05))
    (fp_line (start 3.8 -2.2) (end -1.2 -2.2) (layer F.CrtYd) (width 0.05))
    (fp_line (start -1.2 -2.2) (end -1.2 2.3) (layer F.CrtYd) (width 0.05))
    (fp_line (start -0.199 1.314) (end -0.199 1.114) (layer F.SilkS) (width 0.15))
    (fp_line (start -0.199 -1.28) (end -0.199 -1.1) (layer F.SilkS) (width 0.15))
    (fp_arc (start 1.301 0.034) (end -0.199 -1.286) (angle 108.5) (layer F.SilkS) (width 0.15))
    (fp_arc (start 1.301 0.034) (end 0.25 -1.1) (angle 85.7) (layer F.SilkS) (width 0.15))
    (fp_arc (start 1.311 0.034) (end 3.051 0.994) (angle 110) (layer F.SilkS) (width 0.15))
    (fp_arc (start 1.301 0.034) (end 2.335 1.094) (angle 87.5) (layer F.SilkS) (width 0.15))
    (fp_text user K (at -1.69 1.74 180) (layer F.SilkS)
      (effects (font (size 1 1) (thickness 0.15)))
    )
    (pad 1 thru_hole rect (at 0 0 270) (size 2 2) (drill 1.00076) (layers *.Cu *.Mask F.SilkS)
      (net 2 "Net-(D1-Pad2)"))
    (pad 2 thru_hole circle (at 2.54 0 180) (size 2 2) (drill 1.00076) (layers *.Cu *.Mask F.SilkS)
      (net 4 /3))
    (model LEDs.3dshapes/LED-3MM.wrl
      (at (xyz 0.05 0 0))
      (scale (xyz 1 1 1))
      (rotate (xyz 0 0 90))
    )
  )

  (module LEDs:LED-3MM (layer F.Cu) (tedit 559B82F6) (tstamp 5A80C134)
    (at 115.57 85.2297 180)
    (descr "LED 3mm round vertical")
    (tags "LED  3mm round vertical")
    (path /5A53278E)
    (fp_text reference LED4 (at 1.91 3.06 180) (layer F.SilkS)
      (effects (font (size 1 1) (thickness 0.15)))
    )
    (fp_text value LED (at 1.3 -2.9 180) (layer F.Fab)
      (effects (font (size 1 1) (thickness 0.15)))
    )
    (fp_line (start -1.2 2.3) (end 3.8 2.3) (layer F.CrtYd) (width 0.05))
    (fp_line (start 3.8 2.3) (end 3.8 -2.2) (layer F.CrtYd) (width 0.05))
    (fp_line (start 3.8 -2.2) (end -1.2 -2.2) (layer F.CrtYd) (width 0.05))
    (fp_line (start -1.2 -2.2) (end -1.2 2.3) (layer F.CrtYd) (width 0.05))
    (fp_line (start -0.199 1.314) (end -0.199 1.114) (layer F.SilkS) (width 0.15))
    (fp_line (start -0.199 -1.28) (end -0.199 -1.1) (layer F.SilkS) (width 0.15))
    (fp_arc (start 1.301 0.034) (end -0.199 -1.286) (angle 108.5) (layer F.SilkS) (width 0.15))
    (fp_arc (start 1.301 0.034) (end 0.25 -1.1) (angle 85.7) (layer F.SilkS) (width 0.15))
    (fp_arc (start 1.311 0.034) (end 3.051 0.994) (angle 110) (layer F.SilkS) (width 0.15))
    (fp_arc (start 1.301 0.034) (end 2.335 1.094) (angle 87.5) (layer F.SilkS) (width 0.15))
    (fp_text user K (at -1.69 1.74 180) (layer F.SilkS)
      (effects (font (size 1 1) (thickness 0.15)))
    )
    (pad 1 thru_hole rect (at 0 0 270) (size 2 2) (drill 1.00076) (layers *.Cu *.Mask F.SilkS)
      (net 2 "Net-(D1-Pad2)"))
    (pad 2 thru_hole circle (at 2.54 0 180) (size 2 2) (drill 1.00076) (layers *.Cu *.Mask F.SilkS)
      (net 5 /4))
    (model LEDs.3dshapes/LED-3MM.wrl
      (at (xyz 0.05 0 0))
      (scale (xyz 1 1 1))
      (rotate (xyz 0 0 90))
    )
  )

  (module LEDs:LED-3MM (layer F.Cu) (tedit 559B82F6) (tstamp 5A80C145)
    (at 115.57 89.6112 180)
    (descr "LED 3mm round vertical")
    (tags "LED  3mm round vertical")
    (path /5A532AB8)
    (fp_text reference LED5 (at 1.91 3.06 180) (layer F.SilkS)
      (effects (font (size 1 1) (thickness 0.15)))
    )
    (fp_text value LED (at 1.3 -2.9 180) (layer F.Fab)
      (effects (font (size 1 1) (thickness 0.15)))
    )
    (fp_line (start -1.2 2.3) (end 3.8 2.3) (layer F.CrtYd) (width 0.05))
    (fp_line (start 3.8 2.3) (end 3.8 -2.2) (layer F.CrtYd) (width 0.05))
    (fp_line (start 3.8 -2.2) (end -1.2 -2.2) (layer F.CrtYd) (width 0.05))
    (fp_line (start -1.2 -2.2) (end -1.2 2.3) (layer F.CrtYd) (width 0.05))
    (fp_line (start -0.199 1.314) (end -0.199 1.114) (layer F.SilkS) (width 0.15))
    (fp_line (start -0.199 -1.28) (end -0.199 -1.1) (layer F.SilkS) (width 0.15))
    (fp_arc (start 1.301 0.034) (end -0.199 -1.286) (angle 108.5) (layer F.SilkS) (width 0.15))
    (fp_arc (start 1.301 0.034) (end 0.25 -1.1) (angle 85.7) (layer F.SilkS) (width 0.15))
    (fp_arc (start 1.311 0.034) (end 3.051 0.994) (angle 110) (layer F.SilkS) (width 0.15))
    (fp_arc (start 1.301 0.034) (end 2.335 1.094) (angle 87.5) (layer F.SilkS) (width 0.15))
    (fp_text user K (at -1.69 1.74 180) (layer F.SilkS)
      (effects (font (size 1 1) (thickness 0.15)))
    )
    (pad 1 thru_hole rect (at 0 0 270) (size 2 2) (drill 1.00076) (layers *.Cu *.Mask F.SilkS)
      (net 2 "Net-(D1-Pad2)"))
    (pad 2 thru_hole circle (at 2.54 0 180) (size 2 2) (drill 1.00076) (layers *.Cu *.Mask F.SilkS)
      (net 6 /5))
    (model LEDs.3dshapes/LED-3MM.wrl
      (at (xyz 0.05 0 0))
      (scale (xyz 1 1 1))
      (rotate (xyz 0 0 90))
    )
  )

  (module LEDs:LED-3MM (layer F.Cu) (tedit 559B82F6) (tstamp 5A80C156)
    (at 115.57 93.9927 180)
    (descr "LED 3mm round vertical")
    (tags "LED  3mm round vertical")
    (path /5A532ACA)
    (fp_text reference LED6 (at 1.91 3.06 180) (layer F.SilkS)
      (effects (font (size 1 1) (thickness 0.15)))
    )
    (fp_text value LED (at 1.3 -2.9 180) (layer F.Fab)
      (effects (font (size 1 1) (thickness 0.15)))
    )
    (fp_line (start -1.2 2.3) (end 3.8 2.3) (layer F.CrtYd) (width 0.05))
    (fp_line (start 3.8 2.3) (end 3.8 -2.2) (layer F.CrtYd) (width 0.05))
    (fp_line (start 3.8 -2.2) (end -1.2 -2.2) (layer F.CrtYd) (width 0.05))
    (fp_line (start -1.2 -2.2) (end -1.2 2.3) (layer F.CrtYd) (width 0.05))
    (fp_line (start -0.199 1.314) (end -0.199 1.114) (layer F.SilkS) (width 0.15))
    (fp_line (start -0.199 -1.28) (end -0.199 -1.1) (layer F.SilkS) (width 0.15))
    (fp_arc (start 1.301 0.034) (end -0.199 -1.286) (angle 108.5) (layer F.SilkS) (width 0.15))
    (fp_arc (start 1.301 0.034) (end 0.25 -1.1) (angle 85.7) (layer F.SilkS) (width 0.15))
    (fp_arc (start 1.311 0.034) (end 3.051 0.994) (angle 110) (layer F.SilkS) (width 0.15))
    (fp_arc (start 1.301 0.034) (end 2.335 1.094) (angle 87.5) (layer F.SilkS) (width 0.15))
    (fp_text user K (at -1.69 1.74 180) (layer F.SilkS)
      (effects (font (size 1 1) (thickness 0.15)))
    )
    (pad 1 thru_hole rect (at 0 0 270) (size 2 2) (drill 1.00076) (layers *.Cu *.Mask F.SilkS)
      (net 2 "Net-(D1-Pad2)"))
    (pad 2 thru_hole circle (at 2.54 0 180) (size 2 2) (drill 1.00076) (layers *.Cu *.Mask F.SilkS)
      (net 7 /6))
    (model LEDs.3dshapes/LED-3MM.wrl
      (at (xyz 0.05 0 0))
      (scale (xyz 1 1 1))
      (rotate (xyz 0 0 90))
    )
  )

  (module LEDs:LED-3MM (layer F.Cu) (tedit 559B82F6) (tstamp 5A80C167)
    (at 115.57 98.3742 180)
    (descr "LED 3mm round vertical")
    (tags "LED  3mm round vertical")
    (path /5A532ADC)
    (fp_text reference LED7 (at 1.91 3.06 180) (layer F.SilkS)
      (effects (font (size 1 1) (thickness 0.15)))
    )
    (fp_text value LED (at 1.3 -2.9 180) (layer F.Fab)
      (effects (font (size 1 1) (thickness 0.15)))
    )
    (fp_line (start -1.2 2.3) (end 3.8 2.3) (layer F.CrtYd) (width 0.05))
    (fp_line (start 3.8 2.3) (end 3.8 -2.2) (layer F.CrtYd) (width 0.05))
    (fp_line (start 3.8 -2.2) (end -1.2 -2.2) (layer F.CrtYd) (width 0.05))
    (fp_line (start -1.2 -2.2) (end -1.2 2.3) (layer F.CrtYd) (width 0.05))
    (fp_line (start -0.199 1.314) (end -0.199 1.114) (layer F.SilkS) (width 0.15))
    (fp_line (start -0.199 -1.28) (end -0.199 -1.1) (layer F.SilkS) (width 0.15))
    (fp_arc (start 1.301 0.034) (end -0.199 -1.286) (angle 108.5) (layer F.SilkS) (width 0.15))
    (fp_arc (start 1.301 0.034) (end 0.25 -1.1) (angle 85.7) (layer F.SilkS) (width 0.15))
    (fp_arc (start 1.311 0.034) (end 3.051 0.994) (angle 110) (layer F.SilkS) (width 0.15))
    (fp_arc (start 1.301 0.034) (end 2.335 1.094) (angle 87.5) (layer F.SilkS) (width 0.15))
    (fp_text user K (at -1.69 1.74 180) (layer F.SilkS)
      (effects (font (size 1 1) (thickness 0.15)))
    )
    (pad 1 thru_hole rect (at 0 0 270) (size 2 2) (drill 1.00076) (layers *.Cu *.Mask F.SilkS)
      (net 2 "Net-(D1-Pad2)"))
    (pad 2 thru_hole circle (at 2.54 0 180) (size 2 2) (drill 1.00076) (layers *.Cu *.Mask F.SilkS)
      (net 8 /7))
    (model LEDs.3dshapes/LED-3MM.wrl
      (at (xyz 0.05 0 0))
      (scale (xyz 1 1 1))
      (rotate (xyz 0 0 90))
    )
  )

  (module LEDs:LED-3MM (layer F.Cu) (tedit 559B82F6) (tstamp 5A80C178)
    (at 115.57 102.7557 180)
    (descr "LED 3mm round vertical")
    (tags "LED  3mm round vertical")
    (path /5A532AEE)
    (fp_text reference LED8 (at 1.91 3.06 180) (layer F.SilkS)
      (effects (font (size 1 1) (thickness 0.15)))
    )
    (fp_text value LED (at 1.3 -2.9 180) (layer F.Fab)
      (effects (font (size 1 1) (thickness 0.15)))
    )
    (fp_line (start -1.2 2.3) (end 3.8 2.3) (layer F.CrtYd) (width 0.05))
    (fp_line (start 3.8 2.3) (end 3.8 -2.2) (layer F.CrtYd) (width 0.05))
    (fp_line (start 3.8 -2.2) (end -1.2 -2.2) (layer F.CrtYd) (width 0.05))
    (fp_line (start -1.2 -2.2) (end -1.2 2.3) (layer F.CrtYd) (width 0.05))
    (fp_line (start -0.199 1.314) (end -0.199 1.114) (layer F.SilkS) (width 0.15))
    (fp_line (start -0.199 -1.28) (end -0.199 -1.1) (layer F.SilkS) (width 0.15))
    (fp_arc (start 1.301 0.034) (end -0.199 -1.286) (angle 108.5) (layer F.SilkS) (width 0.15))
    (fp_arc (start 1.301 0.034) (end 0.25 -1.1) (angle 85.7) (layer F.SilkS) (width 0.15))
    (fp_arc (start 1.311 0.034) (end 3.051 0.994) (angle 110) (layer F.SilkS) (width 0.15))
    (fp_arc (start 1.301 0.034) (end 2.335 1.094) (angle 87.5) (layer F.SilkS) (width 0.15))
    (fp_text user K (at -1.69 1.74 180) (layer F.SilkS)
      (effects (font (size 1 1) (thickness 0.15)))
    )
    (pad 1 thru_hole rect (at 0 0 270) (size 2 2) (drill 1.00076) (layers *.Cu *.Mask F.SilkS)
      (net 2 "Net-(D1-Pad2)"))
    (pad 2 thru_hole circle (at 2.54 0 180) (size 2 2) (drill 1.00076) (layers *.Cu *.Mask F.SilkS)
      (net 9 /8))
    (model LEDs.3dshapes/LED-3MM.wrl
      (at (xyz 0.05 0 0))
      (scale (xyz 1 1 1))
      (rotate (xyz 0 0 90))
    )
  )

  (module LEDs:LED-3MM (layer F.Cu) (tedit 559B82F6) (tstamp 5A80C189)
    (at 115.57 107.1372 180)
    (descr "LED 3mm round vertical")
    (tags "LED  3mm round vertical")
    (path /5A532B72)
    (fp_text reference LED9 (at 1.91 3.06 180) (layer F.SilkS)
      (effects (font (size 1 1) (thickness 0.15)))
    )
    (fp_text value LED (at 1.3 -2.9 180) (layer F.Fab)
      (effects (font (size 1 1) (thickness 0.15)))
    )
    (fp_line (start -1.2 2.3) (end 3.8 2.3) (layer F.CrtYd) (width 0.05))
    (fp_line (start 3.8 2.3) (end 3.8 -2.2) (layer F.CrtYd) (width 0.05))
    (fp_line (start 3.8 -2.2) (end -1.2 -2.2) (layer F.CrtYd) (width 0.05))
    (fp_line (start -1.2 -2.2) (end -1.2 2.3) (layer F.CrtYd) (width 0.05))
    (fp_line (start -0.199 1.314) (end -0.199 1.114) (layer F.SilkS) (width 0.15))
    (fp_line (start -0.199 -1.28) (end -0.199 -1.1) (layer F.SilkS) (width 0.15))
    (fp_arc (start 1.301 0.034) (end -0.199 -1.286) (angle 108.5) (layer F.SilkS) (width 0.15))
    (fp_arc (start 1.301 0.034) (end 0.25 -1.1) (angle 85.7) (layer F.SilkS) (width 0.15))
    (fp_arc (start 1.311 0.034) (end 3.051 0.994) (angle 110) (layer F.SilkS) (width 0.15))
    (fp_arc (start 1.301 0.034) (end 2.335 1.094) (angle 87.5) (layer F.SilkS) (width 0.15))
    (fp_text user K (at -1.69 1.74 180) (layer F.SilkS)
      (effects (font (size 1 1) (thickness 0.15)))
    )
    (pad 1 thru_hole rect (at 0 0 270) (size 2 2) (drill 1.00076) (layers *.Cu *.Mask F.SilkS)
      (net 2 "Net-(D1-Pad2)"))
    (pad 2 thru_hole circle (at 2.54 0 180) (size 2 2) (drill 1.00076) (layers *.Cu *.Mask F.SilkS)
      (net 10 /S))
    (model LEDs.3dshapes/LED-3MM.wrl
      (at (xyz 0.05 0 0))
      (scale (xyz 1 1 1))
      (rotate (xyz 0 0 90))
    )
  )

  (module Mounting_Holes:MountingHole_5-5mm locked (layer F.Cu) (tedit 5A862D26) (tstamp 5A87D7DC)
    (at 120.2944 75.819)
    (descr "Mounting hole, Befestigungsbohrung, 5,5mm, No Annular, Kein Restring,")
    (tags "Mounting hole, Befestigungsbohrung, 5,5mm, No Annular, Kein Restring,")
    (fp_text reference REF** (at 0 -7.00024) (layer F.SilkS) hide
      (effects (font (size 1 1) (thickness 0.15)))
    )
    (fp_text value MountingHole_5-5mm (at 0 7.00024) (layer F.Fab) hide
      (effects (font (size 1 1) (thickness 0.15)))
    )
    (fp_circle (center 0 0) (end 5.5 0) (layer Cmts.User) (width 0.381))
    (pad 1 thru_hole circle (at 0 0) (size 5.5 5.5) (drill 5.5) (layers))
  )

  (module Mounting_Holes:MountingHole_5-5mm locked (layer F.Cu) (tedit 5A862D12) (tstamp 5A87D7E2)
    (at 108.3056 75.819)
    (descr "Mounting hole, Befestigungsbohrung, 5,5mm, No Annular, Kein Restring,")
    (tags "Mounting hole, Befestigungsbohrung, 5,5mm, No Annular, Kein Restring,")
    (fp_text reference REF** (at 0 -7.00024) (layer F.SilkS) hide
      (effects (font (size 1 1) (thickness 0.15)))
    )
    (fp_text value MountingHole_5-5mm (at 0 7.00024) (layer F.Fab) hide
      (effects (font (size 1 1) (thickness 0.15)))
    )
    (fp_circle (center 0 0) (end 5.5 0) (layer Cmts.User) (width 0.381))
    (pad 1 thru_hole circle (at 0 0) (size 5.5 5.5) (drill 5.5) (layers))
  )

  (module Mounting_Holes:MountingHole_5-5mm locked (layer F.Cu) (tedit 5A862D05) (tstamp 5A87D7E8)
    (at 114.3 122.301)
    (descr "Mounting hole, Befestigungsbohrung, 5,5mm, No Annular, Kein Restring,")
    (tags "Mounting hole, Befestigungsbohrung, 5,5mm, No Annular, Kein Restring,")
    (fp_text reference REF** (at 0 -7.00024) (layer F.SilkS) hide
      (effects (font (size 1 1) (thickness 0.15)))
    )
    (fp_text value MountingHole_5-5mm (at 0 7.00024) (layer F.Fab) hide
      (effects (font (size 1 1) (thickness 0.15)))
    )
    (fp_circle (center 0 0) (end 5.5 0) (layer Cmts.User) (width 0.381))
    (pad 1 thru_hole circle (at 0 0) (size 5.5 5.5) (drill 5.5) (layers))
  )

  (gr_line (start 101.6 146.685) (end 101.6 51.435) (layer Edge.Cuts) (width 0.15))
  (gr_line (start 126.365 147.32) (end 102.235 147.32) (layer Edge.Cuts) (width 0.15))
  (gr_line (start 127 51.435) (end 127 146.685) (layer Edge.Cuts) (width 0.15))
  (gr_line (start 102.235 50.8) (end 126.365 50.8) (layer Edge.Cuts) (width 0.15))
  (gr_arc (start 102.235 146.685) (end 102.235 147.32) (angle 90) (layer Edge.Cuts) (width 0.15))
