(kicad_pcb (version 4) (host pcbnew 4.0.2+dfsg1-stable)

  (general
    (links 131)
    (no_connects 0)
    (area 105.560536 62.307 166.115324 129.43804)
    (thickness 1.6)
    (drawings 6)
    (tracks 594)
    (zones 0)
    (modules 64)
    (nets 46)
  )

  (page USLetter)
  (layers
    (0 F.Cu signal)
    (31 B.Cu signal)
    (32 B.Adhes user)
    (33 F.Adhes user)
    (34 B.Paste user)
    (35 F.Paste user)
    (36 B.SilkS user)
    (37 F.SilkS user)
    (38 B.Mask user)
    (39 F.Mask user)
    (40 Dwgs.User user)
    (41 Cmts.User user)
    (42 Eco1.User user)
    (43 Eco2.User user)
    (44 Edge.Cuts user)
    (45 Margin user)
    (46 B.CrtYd user)
    (47 F.CrtYd user)
    (48 B.Fab user)
    (49 F.Fab user)
  )

  (setup
    (last_trace_width 0.25)
    (trace_clearance 0.2)
    (zone_clearance 0.508)
    (zone_45_only no)
    (trace_min 0.2)
    (segment_width 0.2)
    (edge_width 0.15)
    (via_size 0.6)
    (via_drill 0.4)
    (via_min_size 0.4)
    (via_min_drill 0.3)
    (uvia_size 0.3)
    (uvia_drill 0.1)
    (uvias_allowed no)
    (uvia_min_size 0.2)
    (uvia_min_drill 0.1)
    (pcb_text_width 0.3)
    (pcb_text_size 1.5 1.5)
    (mod_edge_width 0.15)
    (mod_text_size 1 1)
    (mod_text_width 0.15)
    (pad_size 1.524 1.524)
    (pad_drill 0.762)
    (pad_to_mask_clearance 0.2)
    (aux_axis_origin 0 0)
    (visible_elements FFFFF77F)
    (pcbplotparams
      (layerselection 0x010f0_80000001)
      (usegerberextensions true)
      (excludeedgelayer true)
      (linewidth 0.100000)
      (plotframeref false)
      (viasonmask false)
      (mode 1)
      (useauxorigin false)
      (hpglpennumber 1)
      (hpglpenspeed 20)
      (hpglpendiameter 15)
      (hpglpenoverlay 2)
      (psnegative false)
      (psa4output false)
      (plotreference true)
      (plotvalue true)
      (plotinvisibletext false)
      (padsonsilk false)
      (subtractmaskfromsilk false)
      (outputformat 1)
      (mirror false)
      (drillshape 0)
      (scaleselection 1)
      (outputdirectory Gerbers/))
  )

  (net 0 "")
  (net 1 "/MOSFET Drive/+9V")
  (net 2 GND)
  (net 3 VCC)
  (net 4 /1)
  (net 5 /2)
  (net 6 /3)
  (net 7 /4)
  (net 8 /5)
  (net 9 /6)
  (net 10 /7)
  (net 11 /8)
  (net 12 /S)
  (net 13 "Net-(J3-Pad2)")
  (net 14 "/MOSFET Drive/A5")
  (net 15 "/MOSFET Drive/A4")
  (net 16 "/MOSFET Drive/A6")
  (net 17 "Net-(J4-Pad5)")
  (net 18 "Net-(LED10-Pad2)")
  (net 19 "/MOSFET Drive/A0")
  (net 20 "Net-(Q1-Pad3)")
  (net 21 "/MOSFET Drive/A1")
  (net 22 "Net-(Q2-Pad3)")
  (net 23 "/MOSFET Drive/A2")
  (net 24 "Net-(Q3-Pad3)")
  (net 25 "/MOSFET Drive/A3")
  (net 26 "Net-(Q4-Pad3)")
  (net 27 "Net-(Q5-Pad3)")
  (net 28 "Net-(Q6-Pad3)")
  (net 29 "Net-(Q7-Pad3)")
  (net 30 "/MOSFET Drive/A7")
  (net 31 "Net-(Q8-Pad3)")
  (net 32 "/MOSFET Drive/B0")
  (net 33 "Net-(Q9-Pad3)")
  (net 34 "Net-(R12-Pad2)")
  (net 35 "Net-(SW2-Pad5)")
  (net 36 "Net-(LED10-Pad1)")
  (net 37 "/MOSFET Drive/DRIVE_1")
  (net 38 "/MOSFET Drive/DRIVE_2")
  (net 39 "/MOSFET Drive/DRIVE_3")
  (net 40 "/MOSFET Drive/DRIVE_4")
  (net 41 "/MOSFET Drive/DRIVE_5")
  (net 42 "/MOSFET Drive/DRIVE_6")
  (net 43 "/MOSFET Drive/DRIVE_7")
  (net 44 "/MOSFET Drive/DRIVE_8")
  (net 45 "/MOSFET Drive/DRIVE_S")

  (net_class Default "This is the default net class."
    (clearance 0.2)
    (trace_width 0.25)
    (via_dia 0.6)
    (via_drill 0.4)
    (uvia_dia 0.3)
    (uvia_drill 0.1)
    (add_net /1)
    (add_net /2)
    (add_net /3)
    (add_net /4)
    (add_net /5)
    (add_net /6)
    (add_net /7)
    (add_net /8)
    (add_net "/MOSFET Drive/+9V")
    (add_net "/MOSFET Drive/A0")
    (add_net "/MOSFET Drive/A1")
    (add_net "/MOSFET Drive/A2")
    (add_net "/MOSFET Drive/A3")
    (add_net "/MOSFET Drive/A4")
    (add_net "/MOSFET Drive/A5")
    (add_net "/MOSFET Drive/A6")
    (add_net "/MOSFET Drive/A7")
    (add_net "/MOSFET Drive/B0")
    (add_net "/MOSFET Drive/DRIVE_1")
    (add_net "/MOSFET Drive/DRIVE_2")
    (add_net "/MOSFET Drive/DRIVE_3")
    (add_net "/MOSFET Drive/DRIVE_4")
    (add_net "/MOSFET Drive/DRIVE_5")
    (add_net "/MOSFET Drive/DRIVE_6")
    (add_net "/MOSFET Drive/DRIVE_7")
    (add_net "/MOSFET Drive/DRIVE_8")
    (add_net "/MOSFET Drive/DRIVE_S")
    (add_net /S)
    (add_net GND)
    (add_net "Net-(J3-Pad2)")
    (add_net "Net-(J4-Pad5)")
    (add_net "Net-(LED10-Pad1)")
    (add_net "Net-(LED10-Pad2)")
    (add_net "Net-(Q1-Pad3)")
    (add_net "Net-(Q2-Pad3)")
    (add_net "Net-(Q3-Pad3)")
    (add_net "Net-(Q4-Pad3)")
    (add_net "Net-(Q5-Pad3)")
    (add_net "Net-(Q6-Pad3)")
    (add_net "Net-(Q7-Pad3)")
    (add_net "Net-(Q8-Pad3)")
    (add_net "Net-(Q9-Pad3)")
    (add_net "Net-(R12-Pad2)")
    (add_net "Net-(SW2-Pad5)")
    (add_net VCC)
  )

  (module Capacitors_SMD:C_0805_HandSoldering (layer B.Cu) (tedit 5A5AEEA3) (tstamp 5A5AC3B4)
    (at 134.62 120.396 270)
    (descr "Capacitor SMD 0805, hand soldering")
    (tags "capacitor 0805")
    (path /5A52ABB6)
    (attr smd)
    (fp_text reference C1 (at 0 2.1 270) (layer B.SilkS) hide
      (effects (font (size 1 1) (thickness 0.15)) (justify mirror))
    )
    (fp_text value 1u (at -3.5 0 270) (layer B.SilkS)
      (effects (font (size 1 1) (thickness 0.15)) (justify mirror))
    )
    (fp_line (start -2.3 1) (end 2.3 1) (layer B.CrtYd) (width 0.05))
    (fp_line (start -2.3 -1) (end 2.3 -1) (layer B.CrtYd) (width 0.05))
    (fp_line (start -2.3 1) (end -2.3 -1) (layer B.CrtYd) (width 0.05))
    (fp_line (start 2.3 1) (end 2.3 -1) (layer B.CrtYd) (width 0.05))
    (fp_line (start 0.5 0.85) (end -0.5 0.85) (layer B.SilkS) (width 0.15))
    (fp_line (start -0.5 -0.85) (end 0.5 -0.85) (layer B.SilkS) (width 0.15))
    (pad 1 smd rect (at -1.25 0 270) (size 1.5 1.25) (layers B.Cu B.Paste B.Mask)
      (net 1 "/MOSFET Drive/+9V"))
    (pad 2 smd rect (at 1.25 0 270) (size 1.5 1.25) (layers B.Cu B.Paste B.Mask)
      (net 2 GND))
    (model Capacitors_SMD.3dshapes/C_0805_HandSoldering.wrl
      (at (xyz 0 0 0))
      (scale (xyz 1 1 1))
      (rotate (xyz 0 0 0))
    )
  )

  (module 78L05_SOIC:78L05_SOIC (layer B.Cu) (tedit 5A5AECCF) (tstamp 5A5AC56C)
    (at 140.335 120.65 180)
    (descr "8-Lead Plastic Small Outline (SN) - Narrow, 3.90 mm Body [SOIC] (see Microchip Packaging Specification 00000049BS.pdf)")
    (tags "SOIC 1.27")
    (path /5A58FE14)
    (attr smd)
    (fp_text reference U2 (at 0 -3.5 180) (layer B.SilkS) hide
      (effects (font (size 1 1) (thickness 0.15)) (justify mirror))
    )
    (fp_text value 78L05 (at 0 -3.5 180) (layer B.SilkS)
      (effects (font (size 1 1) (thickness 0.15)) (justify mirror))
    )
    (fp_line (start -3.75 2.75) (end -3.75 -2.75) (layer B.CrtYd) (width 0.05))
    (fp_line (start 3.75 2.75) (end 3.75 -2.75) (layer B.CrtYd) (width 0.05))
    (fp_line (start -3.75 2.75) (end 3.75 2.75) (layer B.CrtYd) (width 0.05))
    (fp_line (start -3.75 -2.75) (end 3.75 -2.75) (layer B.CrtYd) (width 0.05))
    (fp_line (start -2.075 2.575) (end -2.075 2.43) (layer B.SilkS) (width 0.15))
    (fp_line (start 2.075 2.575) (end 2.075 2.43) (layer B.SilkS) (width 0.15))
    (fp_line (start 2.075 -2.575) (end 2.075 -2.43) (layer B.SilkS) (width 0.15))
    (fp_line (start -2.075 -2.575) (end -2.075 -2.43) (layer B.SilkS) (width 0.15))
    (fp_line (start -2.075 2.575) (end 2.075 2.575) (layer B.SilkS) (width 0.15))
    (fp_line (start -2.075 -2.575) (end 2.075 -2.575) (layer B.SilkS) (width 0.15))
    (fp_line (start -2.075 2.43) (end -3.475 2.43) (layer B.SilkS) (width 0.15))
    (pad VO smd rect (at -2.7 1.905 180) (size 1.55 0.6) (layers B.Cu B.Paste B.Mask)
      (net 3 VCC))
    (pad GND smd rect (at -2.7 0.635 180) (size 1.55 0.6) (layers B.Cu B.Paste B.Mask)
      (net 2 GND))
    (pad GND smd rect (at -2.7 -0.635 180) (size 1.55 0.6) (layers B.Cu B.Paste B.Mask)
      (net 2 GND))
    (pad NC smd rect (at -2.7 -1.905 180) (size 1.55 0.6) (layers B.Cu B.Paste B.Mask))
    (pad NC smd rect (at 2.7 -1.905 180) (size 1.55 0.6) (layers B.Cu B.Paste B.Mask))
    (pad GND smd rect (at 2.7 -0.635 180) (size 1.55 0.6) (layers B.Cu B.Paste B.Mask)
      (net 2 GND))
    (pad GND smd rect (at 2.7 0.635 180) (size 1.55 0.6) (layers B.Cu B.Paste B.Mask)
      (net 2 GND))
    (pad VI smd rect (at 2.7 1.905 180) (size 1.55 0.6) (layers B.Cu B.Paste B.Mask)
      (net 1 "/MOSFET Drive/+9V"))
    (model Housings_SOIC.3dshapes/SOIC-8_3.9x4.9mm_Pitch1.27mm.wrl
      (at (xyz 0 0 0))
      (scale (xyz 1 1 1))
      (rotate (xyz 0 0 0))
    )
  )

  (module Pin_Headers:Pin_Header_Straight_2x03 (layer F.Cu) (tedit 5A5ECC6C) (tstamp 5A5AC434)
    (at 120.142 74.93 180)
    (descr "Through hole pin header")
    (tags "pin header")
    (path /5A56B1CE)
    (fp_text reference J4 (at 0 -5.1 180) (layer F.SilkS) hide
      (effects (font (size 1 1) (thickness 0.15)))
    )
    (fp_text value ISP (at 1 -3.1 180) (layer F.SilkS)
      (effects (font (size 1 1) (thickness 0.15)))
    )
    (fp_line (start -1.27 1.27) (end -1.27 6.35) (layer F.SilkS) (width 0.15))
    (fp_line (start -1.55 -1.55) (end 0 -1.55) (layer F.SilkS) (width 0.15))
    (fp_line (start -1.75 -1.75) (end -1.75 6.85) (layer F.CrtYd) (width 0.05))
    (fp_line (start 4.3 -1.75) (end 4.3 6.85) (layer F.CrtYd) (width 0.05))
    (fp_line (start -1.75 -1.75) (end 4.3 -1.75) (layer F.CrtYd) (width 0.05))
    (fp_line (start -1.75 6.85) (end 4.3 6.85) (layer F.CrtYd) (width 0.05))
    (fp_line (start 1.27 -1.27) (end 1.27 1.27) (layer F.SilkS) (width 0.15))
    (fp_line (start 1.27 1.27) (end -1.27 1.27) (layer F.SilkS) (width 0.15))
    (fp_line (start -1.27 6.35) (end 3.81 6.35) (layer F.SilkS) (width 0.15))
    (fp_line (start 3.81 6.35) (end 3.81 1.27) (layer F.SilkS) (width 0.15))
    (fp_line (start -1.55 -1.55) (end -1.55 0) (layer F.SilkS) (width 0.15))
    (fp_line (start 3.81 -1.27) (end 1.27 -1.27) (layer F.SilkS) (width 0.15))
    (fp_line (start 3.81 1.27) (end 3.81 -1.27) (layer F.SilkS) (width 0.15))
    (pad 1 thru_hole rect (at 0 0 180) (size 1.7272 1.7272) (drill 1.016) (layers *.Cu *.Mask F.SilkS)
      (net 14 "/MOSFET Drive/A5"))
    (pad 2 thru_hole oval (at 2.54 0 180) (size 1.7272 1.7272) (drill 1.016) (layers *.Cu *.Mask F.SilkS)
      (net 3 VCC))
    (pad 3 thru_hole oval (at 0 2.54 180) (size 1.7272 1.7272) (drill 1.016) (layers *.Cu *.Mask F.SilkS)
      (net 15 "/MOSFET Drive/A4"))
    (pad 4 thru_hole oval (at 2.54 2.54 180) (size 1.7272 1.7272) (drill 1.016) (layers *.Cu *.Mask F.SilkS)
      (net 16 "/MOSFET Drive/A6"))
    (pad 5 thru_hole oval (at 0 5.08 180) (size 1.7272 1.7272) (drill 1.016) (layers *.Cu *.Mask F.SilkS)
      (net 17 "Net-(J4-Pad5)"))
    (pad 6 thru_hole oval (at 2.54 5.08 180) (size 1.7272 1.7272) (drill 1.016) (layers *.Cu *.Mask F.SilkS)
      (net 2 GND))
    (model Pin_Headers.3dshapes/Pin_Header_Straight_2x03.wrl
      (at (xyz 0.05 -0.1 0))
      (scale (xyz 1 1 1))
      (rotate (xyz 0 0 90))
    )
  )

  (module Mounting_Holes:MountingHole_5-5mm locked (layer F.Cu) (tedit 5A5C078B) (tstamp 5A5DAA8C)
    (at 122.1232 109.7788)
    (descr "Mounting hole, Befestigungsbohrung, 5,5mm, No Annular, Kein Restring,")
    (tags "Mounting hole, Befestigungsbohrung, 5,5mm, No Annular, Kein Restring,")
    (fp_text reference REF** (at 0 -7.00024) (layer F.SilkS) hide
      (effects (font (size 1 1) (thickness 0.15)))
    )
    (fp_text value MountingHole_5-5mm (at 0 7.00024) (layer F.Fab) hide
      (effects (font (size 1 1) (thickness 0.15)))
    )
    (fp_circle (center 0 0) (end 5.5 0) (layer Cmts.User) (width 0.381))
    (pad 1 thru_hole circle (at 0 0) (size 5.5 5.5) (drill 5.5) (layers))
  )

  (module Capacitors_SMD:C_0805_HandSoldering (layer B.Cu) (tedit 5A5EAC6E) (tstamp 5A5AC3BA)
    (at 141.605 116.205 180)
    (descr "Capacitor SMD 0805, hand soldering")
    (tags "capacitor 0805")
    (path /5A52AC4F)
    (attr smd)
    (fp_text reference C2 (at 0 2.1 180) (layer B.SilkS) hide
      (effects (font (size 1 1) (thickness 0.15)) (justify mirror))
    )
    (fp_text value 1u (at 0 1.9 180) (layer B.SilkS)
      (effects (font (size 1 1) (thickness 0.15)) (justify mirror))
    )
    (fp_line (start -2.3 1) (end 2.3 1) (layer B.CrtYd) (width 0.05))
    (fp_line (start -2.3 -1) (end 2.3 -1) (layer B.CrtYd) (width 0.05))
    (fp_line (start -2.3 1) (end -2.3 -1) (layer B.CrtYd) (width 0.05))
    (fp_line (start 2.3 1) (end 2.3 -1) (layer B.CrtYd) (width 0.05))
    (fp_line (start 0.5 0.85) (end -0.5 0.85) (layer B.SilkS) (width 0.15))
    (fp_line (start -0.5 -0.85) (end 0.5 -0.85) (layer B.SilkS) (width 0.15))
    (pad 1 smd rect (at -1.25 0 180) (size 1.5 1.25) (layers B.Cu B.Paste B.Mask)
      (net 3 VCC))
    (pad 2 smd rect (at 1.25 0 180) (size 1.5 1.25) (layers B.Cu B.Paste B.Mask)
      (net 2 GND))
    (model Capacitors_SMD.3dshapes/C_0805_HandSoldering.wrl
      (at (xyz 0 0 0))
      (scale (xyz 1 1 1))
      (rotate (xyz 0 0 0))
    )
  )

  (module Capacitors_SMD:C_0805_HandSoldering (layer F.Cu) (tedit 5A5ED49F) (tstamp 5A5AC3C0)
    (at 115.57 98.679 90)
    (descr "Capacitor SMD 0805, hand soldering")
    (tags "capacitor 0805")
    (path /5A52ACAC)
    (attr smd)
    (fp_text reference C3 (at 0 -2.1 90) (layer F.SilkS) hide
      (effects (font (size 1 1) (thickness 0.15)))
    )
    (fp_text value 0.1u (at 0 -2.1 90) (layer F.SilkS)
      (effects (font (size 1 1) (thickness 0.15)))
    )
    (fp_line (start -2.3 -1) (end 2.3 -1) (layer F.CrtYd) (width 0.05))
    (fp_line (start -2.3 1) (end 2.3 1) (layer F.CrtYd) (width 0.05))
    (fp_line (start -2.3 -1) (end -2.3 1) (layer F.CrtYd) (width 0.05))
    (fp_line (start 2.3 -1) (end 2.3 1) (layer F.CrtYd) (width 0.05))
    (fp_line (start 0.5 -0.85) (end -0.5 -0.85) (layer F.SilkS) (width 0.15))
    (fp_line (start -0.5 0.85) (end 0.5 0.85) (layer F.SilkS) (width 0.15))
    (pad 1 smd rect (at -1.25 0 90) (size 1.5 1.25) (layers F.Cu F.Paste F.Mask)
      (net 3 VCC))
    (pad 2 smd rect (at 1.25 0 90) (size 1.5 1.25) (layers F.Cu F.Paste F.Mask)
      (net 2 GND))
    (model Capacitors_SMD.3dshapes/C_0805_HandSoldering.wrl
      (at (xyz 0 0 0))
      (scale (xyz 1 1 1))
      (rotate (xyz 0 0 0))
    )
  )

  (module Diodes_SMD:SOD-123 (layer F.Cu) (tedit 5A5AED98) (tstamp 5A5AC3C6)
    (at 156.845 92.71)
    (descr SOD-123)
    (tags SOD-123)
    (path /5A51A884)
    (attr smd)
    (fp_text reference D1 (at 0 -2) (layer F.SilkS)
      (effects (font (size 1 1) (thickness 0.15)))
    )
    (fp_text value D (at 0 2.1) (layer F.Fab) hide
      (effects (font (size 1 1) (thickness 0.15)))
    )
    (fp_line (start 0.3175 0) (end 0.6985 0) (layer F.SilkS) (width 0.15))
    (fp_line (start -0.6985 0) (end -0.3175 0) (layer F.SilkS) (width 0.15))
    (fp_line (start -0.3175 0) (end 0.3175 -0.381) (layer F.SilkS) (width 0.15))
    (fp_line (start 0.3175 -0.381) (end 0.3175 0.381) (layer F.SilkS) (width 0.15))
    (fp_line (start 0.3175 0.381) (end -0.3175 0) (layer F.SilkS) (width 0.15))
    (fp_line (start -0.3175 -0.508) (end -0.3175 0.508) (layer F.SilkS) (width 0.15))
    (fp_line (start -2.25 -1.05) (end 2.25 -1.05) (layer F.CrtYd) (width 0.05))
    (fp_line (start 2.25 -1.05) (end 2.25 1.05) (layer F.CrtYd) (width 0.05))
    (fp_line (start 2.25 1.05) (end -2.25 1.05) (layer F.CrtYd) (width 0.05))
    (fp_line (start -2.25 -1.05) (end -2.25 1.05) (layer F.CrtYd) (width 0.05))
    (fp_line (start -2 0.9) (end 1.54 0.9) (layer F.SilkS) (width 0.15))
    (fp_line (start -2 -0.9) (end 1.54 -0.9) (layer F.SilkS) (width 0.15))
    (pad 1 smd rect (at -1.635 0) (size 0.91 1.22) (layers F.Cu F.Paste F.Mask)
      (net 37 "/MOSFET Drive/DRIVE_1"))
    (pad 2 smd rect (at 1.635 0) (size 0.91 1.22) (layers F.Cu F.Paste F.Mask)
      (net 4 /1))
  )

  (module Diodes_SMD:SOD-123 (layer B.Cu) (tedit 5A5AED91) (tstamp 5A5AC3CC)
    (at 156.845 95.25)
    (descr SOD-123)
    (tags SOD-123)
    (path /5A51A9FB)
    (attr smd)
    (fp_text reference D2 (at 0 2) (layer B.SilkS)
      (effects (font (size 1 1) (thickness 0.15)) (justify mirror))
    )
    (fp_text value D (at 0 -2.1) (layer B.Fab) hide
      (effects (font (size 1 1) (thickness 0.15)) (justify mirror))
    )
    (fp_line (start 0.3175 0) (end 0.6985 0) (layer B.SilkS) (width 0.15))
    (fp_line (start -0.6985 0) (end -0.3175 0) (layer B.SilkS) (width 0.15))
    (fp_line (start -0.3175 0) (end 0.3175 0.381) (layer B.SilkS) (width 0.15))
    (fp_line (start 0.3175 0.381) (end 0.3175 -0.381) (layer B.SilkS) (width 0.15))
    (fp_line (start 0.3175 -0.381) (end -0.3175 0) (layer B.SilkS) (width 0.15))
    (fp_line (start -0.3175 0.508) (end -0.3175 -0.508) (layer B.SilkS) (width 0.15))
    (fp_line (start -2.25 1.05) (end 2.25 1.05) (layer B.CrtYd) (width 0.05))
    (fp_line (start 2.25 1.05) (end 2.25 -1.05) (layer B.CrtYd) (width 0.05))
    (fp_line (start 2.25 -1.05) (end -2.25 -1.05) (layer B.CrtYd) (width 0.05))
    (fp_line (start -2.25 1.05) (end -2.25 -1.05) (layer B.CrtYd) (width 0.05))
    (fp_line (start -2 -0.9) (end 1.54 -0.9) (layer B.SilkS) (width 0.15))
    (fp_line (start -2 0.9) (end 1.54 0.9) (layer B.SilkS) (width 0.15))
    (pad 1 smd rect (at -1.635 0) (size 0.91 1.22) (layers B.Cu B.Paste B.Mask)
      (net 38 "/MOSFET Drive/DRIVE_2"))
    (pad 2 smd rect (at 1.635 0) (size 0.91 1.22) (layers B.Cu B.Paste B.Mask)
      (net 5 /2))
  )

  (module Diodes_SMD:SOD-123 (layer F.Cu) (tedit 5A5AEDAB) (tstamp 5A5AC3D2)
    (at 156.845 97.79)
    (descr SOD-123)
    (tags SOD-123)
    (path /5A51AAC3)
    (attr smd)
    (fp_text reference D3 (at 0 -2) (layer F.SilkS)
      (effects (font (size 1 1) (thickness 0.15)))
    )
    (fp_text value D (at 0 2.1) (layer F.Fab) hide
      (effects (font (size 1 1) (thickness 0.15)))
    )
    (fp_line (start 0.3175 0) (end 0.6985 0) (layer F.SilkS) (width 0.15))
    (fp_line (start -0.6985 0) (end -0.3175 0) (layer F.SilkS) (width 0.15))
    (fp_line (start -0.3175 0) (end 0.3175 -0.381) (layer F.SilkS) (width 0.15))
    (fp_line (start 0.3175 -0.381) (end 0.3175 0.381) (layer F.SilkS) (width 0.15))
    (fp_line (start 0.3175 0.381) (end -0.3175 0) (layer F.SilkS) (width 0.15))
    (fp_line (start -0.3175 -0.508) (end -0.3175 0.508) (layer F.SilkS) (width 0.15))
    (fp_line (start -2.25 -1.05) (end 2.25 -1.05) (layer F.CrtYd) (width 0.05))
    (fp_line (start 2.25 -1.05) (end 2.25 1.05) (layer F.CrtYd) (width 0.05))
    (fp_line (start 2.25 1.05) (end -2.25 1.05) (layer F.CrtYd) (width 0.05))
    (fp_line (start -2.25 -1.05) (end -2.25 1.05) (layer F.CrtYd) (width 0.05))
    (fp_line (start -2 0.9) (end 1.54 0.9) (layer F.SilkS) (width 0.15))
    (fp_line (start -2 -0.9) (end 1.54 -0.9) (layer F.SilkS) (width 0.15))
    (pad 1 smd rect (at -1.635 0) (size 0.91 1.22) (layers F.Cu F.Paste F.Mask)
      (net 39 "/MOSFET Drive/DRIVE_3"))
    (pad 2 smd rect (at 1.635 0) (size 0.91 1.22) (layers F.Cu F.Paste F.Mask)
      (net 6 /3))
  )

  (module Diodes_SMD:SOD-123 (layer B.Cu) (tedit 5530FCB9) (tstamp 5A5AC3D8)
    (at 156.845 100.33)
    (descr SOD-123)
    (tags SOD-123)
    (path /5A51AACF)
    (attr smd)
    (fp_text reference D4 (at 0 2) (layer B.SilkS)
      (effects (font (size 1 1) (thickness 0.15)) (justify mirror))
    )
    (fp_text value D (at 0 -2.1) (layer B.Fab)
      (effects (font (size 1 1) (thickness 0.15)) (justify mirror))
    )
    (fp_line (start 0.3175 0) (end 0.6985 0) (layer B.SilkS) (width 0.15))
    (fp_line (start -0.6985 0) (end -0.3175 0) (layer B.SilkS) (width 0.15))
    (fp_line (start -0.3175 0) (end 0.3175 0.381) (layer B.SilkS) (width 0.15))
    (fp_line (start 0.3175 0.381) (end 0.3175 -0.381) (layer B.SilkS) (width 0.15))
    (fp_line (start 0.3175 -0.381) (end -0.3175 0) (layer B.SilkS) (width 0.15))
    (fp_line (start -0.3175 0.508) (end -0.3175 -0.508) (layer B.SilkS) (width 0.15))
    (fp_line (start -2.25 1.05) (end 2.25 1.05) (layer B.CrtYd) (width 0.05))
    (fp_line (start 2.25 1.05) (end 2.25 -1.05) (layer B.CrtYd) (width 0.05))
    (fp_line (start 2.25 -1.05) (end -2.25 -1.05) (layer B.CrtYd) (width 0.05))
    (fp_line (start -2.25 1.05) (end -2.25 -1.05) (layer B.CrtYd) (width 0.05))
    (fp_line (start -2 -0.9) (end 1.54 -0.9) (layer B.SilkS) (width 0.15))
    (fp_line (start -2 0.9) (end 1.54 0.9) (layer B.SilkS) (width 0.15))
    (pad 1 smd rect (at -1.635 0) (size 0.91 1.22) (layers B.Cu B.Paste B.Mask)
      (net 40 "/MOSFET Drive/DRIVE_4"))
    (pad 2 smd rect (at 1.635 0) (size 0.91 1.22) (layers B.Cu B.Paste B.Mask)
      (net 7 /4))
  )

  (module Diodes_SMD:SOD-123 (layer F.Cu) (tedit 5A5AEDB3) (tstamp 5A5AC3DE)
    (at 156.845 102.87)
    (descr SOD-123)
    (tags SOD-123)
    (path /5A51CAE4)
    (attr smd)
    (fp_text reference D5 (at 0 -2) (layer F.SilkS)
      (effects (font (size 1 1) (thickness 0.15)))
    )
    (fp_text value D (at 0 2.1) (layer F.Fab) hide
      (effects (font (size 1 1) (thickness 0.15)))
    )
    (fp_line (start 0.3175 0) (end 0.6985 0) (layer F.SilkS) (width 0.15))
    (fp_line (start -0.6985 0) (end -0.3175 0) (layer F.SilkS) (width 0.15))
    (fp_line (start -0.3175 0) (end 0.3175 -0.381) (layer F.SilkS) (width 0.15))
    (fp_line (start 0.3175 -0.381) (end 0.3175 0.381) (layer F.SilkS) (width 0.15))
    (fp_line (start 0.3175 0.381) (end -0.3175 0) (layer F.SilkS) (width 0.15))
    (fp_line (start -0.3175 -0.508) (end -0.3175 0.508) (layer F.SilkS) (width 0.15))
    (fp_line (start -2.25 -1.05) (end 2.25 -1.05) (layer F.CrtYd) (width 0.05))
    (fp_line (start 2.25 -1.05) (end 2.25 1.05) (layer F.CrtYd) (width 0.05))
    (fp_line (start 2.25 1.05) (end -2.25 1.05) (layer F.CrtYd) (width 0.05))
    (fp_line (start -2.25 -1.05) (end -2.25 1.05) (layer F.CrtYd) (width 0.05))
    (fp_line (start -2 0.9) (end 1.54 0.9) (layer F.SilkS) (width 0.15))
    (fp_line (start -2 -0.9) (end 1.54 -0.9) (layer F.SilkS) (width 0.15))
    (pad 1 smd rect (at -1.635 0) (size 0.91 1.22) (layers F.Cu F.Paste F.Mask)
      (net 41 "/MOSFET Drive/DRIVE_5"))
    (pad 2 smd rect (at 1.635 0) (size 0.91 1.22) (layers F.Cu F.Paste F.Mask)
      (net 8 /5))
  )

  (module Diodes_SMD:SOD-123 (layer B.Cu) (tedit 5A5AEDBB) (tstamp 5A5AC3E4)
    (at 156.845 105.41)
    (descr SOD-123)
    (tags SOD-123)
    (path /5A51CAB4)
    (attr smd)
    (fp_text reference D6 (at 0 2) (layer B.SilkS)
      (effects (font (size 1 1) (thickness 0.15)) (justify mirror))
    )
    (fp_text value D (at 0 -2.1) (layer B.Fab) hide
      (effects (font (size 1 1) (thickness 0.15)) (justify mirror))
    )
    (fp_line (start 0.3175 0) (end 0.6985 0) (layer B.SilkS) (width 0.15))
    (fp_line (start -0.6985 0) (end -0.3175 0) (layer B.SilkS) (width 0.15))
    (fp_line (start -0.3175 0) (end 0.3175 0.381) (layer B.SilkS) (width 0.15))
    (fp_line (start 0.3175 0.381) (end 0.3175 -0.381) (layer B.SilkS) (width 0.15))
    (fp_line (start 0.3175 -0.381) (end -0.3175 0) (layer B.SilkS) (width 0.15))
    (fp_line (start -0.3175 0.508) (end -0.3175 -0.508) (layer B.SilkS) (width 0.15))
    (fp_line (start -2.25 1.05) (end 2.25 1.05) (layer B.CrtYd) (width 0.05))
    (fp_line (start 2.25 1.05) (end 2.25 -1.05) (layer B.CrtYd) (width 0.05))
    (fp_line (start 2.25 -1.05) (end -2.25 -1.05) (layer B.CrtYd) (width 0.05))
    (fp_line (start -2.25 1.05) (end -2.25 -1.05) (layer B.CrtYd) (width 0.05))
    (fp_line (start -2 -0.9) (end 1.54 -0.9) (layer B.SilkS) (width 0.15))
    (fp_line (start -2 0.9) (end 1.54 0.9) (layer B.SilkS) (width 0.15))
    (pad 1 smd rect (at -1.635 0) (size 0.91 1.22) (layers B.Cu B.Paste B.Mask)
      (net 42 "/MOSFET Drive/DRIVE_6"))
    (pad 2 smd rect (at 1.635 0) (size 0.91 1.22) (layers B.Cu B.Paste B.Mask)
      (net 9 /6))
  )

  (module Diodes_SMD:SOD-123 (layer F.Cu) (tedit 5A5AEDC1) (tstamp 5A5AC3EA)
    (at 156.845 107.95)
    (descr SOD-123)
    (tags SOD-123)
    (path /5A51CAC0)
    (attr smd)
    (fp_text reference D7 (at 0 -2) (layer F.SilkS)
      (effects (font (size 1 1) (thickness 0.15)))
    )
    (fp_text value D (at 0 2.1) (layer F.Fab) hide
      (effects (font (size 1 1) (thickness 0.15)))
    )
    (fp_line (start 0.3175 0) (end 0.6985 0) (layer F.SilkS) (width 0.15))
    (fp_line (start -0.6985 0) (end -0.3175 0) (layer F.SilkS) (width 0.15))
    (fp_line (start -0.3175 0) (end 0.3175 -0.381) (layer F.SilkS) (width 0.15))
    (fp_line (start 0.3175 -0.381) (end 0.3175 0.381) (layer F.SilkS) (width 0.15))
    (fp_line (start 0.3175 0.381) (end -0.3175 0) (layer F.SilkS) (width 0.15))
    (fp_line (start -0.3175 -0.508) (end -0.3175 0.508) (layer F.SilkS) (width 0.15))
    (fp_line (start -2.25 -1.05) (end 2.25 -1.05) (layer F.CrtYd) (width 0.05))
    (fp_line (start 2.25 -1.05) (end 2.25 1.05) (layer F.CrtYd) (width 0.05))
    (fp_line (start 2.25 1.05) (end -2.25 1.05) (layer F.CrtYd) (width 0.05))
    (fp_line (start -2.25 -1.05) (end -2.25 1.05) (layer F.CrtYd) (width 0.05))
    (fp_line (start -2 0.9) (end 1.54 0.9) (layer F.SilkS) (width 0.15))
    (fp_line (start -2 -0.9) (end 1.54 -0.9) (layer F.SilkS) (width 0.15))
    (pad 1 smd rect (at -1.635 0) (size 0.91 1.22) (layers F.Cu F.Paste F.Mask)
      (net 43 "/MOSFET Drive/DRIVE_7"))
    (pad 2 smd rect (at 1.635 0) (size 0.91 1.22) (layers F.Cu F.Paste F.Mask)
      (net 10 /7))
  )

  (module Diodes_SMD:SOD-123 (layer B.Cu) (tedit 5A5AEDCF) (tstamp 5A5AC3F0)
    (at 156.845 110.49)
    (descr SOD-123)
    (tags SOD-123)
    (path /5A51CACC)
    (attr smd)
    (fp_text reference D8 (at 0 2) (layer B.SilkS)
      (effects (font (size 1 1) (thickness 0.15)) (justify mirror))
    )
    (fp_text value D (at 0 -2.1) (layer B.Fab) hide
      (effects (font (size 1 1) (thickness 0.15)) (justify mirror))
    )
    (fp_line (start 0.3175 0) (end 0.6985 0) (layer B.SilkS) (width 0.15))
    (fp_line (start -0.6985 0) (end -0.3175 0) (layer B.SilkS) (width 0.15))
    (fp_line (start -0.3175 0) (end 0.3175 0.381) (layer B.SilkS) (width 0.15))
    (fp_line (start 0.3175 0.381) (end 0.3175 -0.381) (layer B.SilkS) (width 0.15))
    (fp_line (start 0.3175 -0.381) (end -0.3175 0) (layer B.SilkS) (width 0.15))
    (fp_line (start -0.3175 0.508) (end -0.3175 -0.508) (layer B.SilkS) (width 0.15))
    (fp_line (start -2.25 1.05) (end 2.25 1.05) (layer B.CrtYd) (width 0.05))
    (fp_line (start 2.25 1.05) (end 2.25 -1.05) (layer B.CrtYd) (width 0.05))
    (fp_line (start 2.25 -1.05) (end -2.25 -1.05) (layer B.CrtYd) (width 0.05))
    (fp_line (start -2.25 1.05) (end -2.25 -1.05) (layer B.CrtYd) (width 0.05))
    (fp_line (start -2 -0.9) (end 1.54 -0.9) (layer B.SilkS) (width 0.15))
    (fp_line (start -2 0.9) (end 1.54 0.9) (layer B.SilkS) (width 0.15))
    (pad 1 smd rect (at -1.635 0) (size 0.91 1.22) (layers B.Cu B.Paste B.Mask)
      (net 44 "/MOSFET Drive/DRIVE_8"))
    (pad 2 smd rect (at 1.635 0) (size 0.91 1.22) (layers B.Cu B.Paste B.Mask)
      (net 11 /8))
  )

  (module Diodes_SMD:SOD-123 (layer F.Cu) (tedit 5A5AEDD5) (tstamp 5A5AC3F6)
    (at 156.845 113.03)
    (descr SOD-123)
    (tags SOD-123)
    (path /5A51CAD8)
    (attr smd)
    (fp_text reference D9 (at 0 -2) (layer F.SilkS)
      (effects (font (size 1 1) (thickness 0.15)))
    )
    (fp_text value D (at 0 2.1) (layer F.Fab) hide
      (effects (font (size 1 1) (thickness 0.15)))
    )
    (fp_line (start 0.3175 0) (end 0.6985 0) (layer F.SilkS) (width 0.15))
    (fp_line (start -0.6985 0) (end -0.3175 0) (layer F.SilkS) (width 0.15))
    (fp_line (start -0.3175 0) (end 0.3175 -0.381) (layer F.SilkS) (width 0.15))
    (fp_line (start 0.3175 -0.381) (end 0.3175 0.381) (layer F.SilkS) (width 0.15))
    (fp_line (start 0.3175 0.381) (end -0.3175 0) (layer F.SilkS) (width 0.15))
    (fp_line (start -0.3175 -0.508) (end -0.3175 0.508) (layer F.SilkS) (width 0.15))
    (fp_line (start -2.25 -1.05) (end 2.25 -1.05) (layer F.CrtYd) (width 0.05))
    (fp_line (start 2.25 -1.05) (end 2.25 1.05) (layer F.CrtYd) (width 0.05))
    (fp_line (start 2.25 1.05) (end -2.25 1.05) (layer F.CrtYd) (width 0.05))
    (fp_line (start -2.25 -1.05) (end -2.25 1.05) (layer F.CrtYd) (width 0.05))
    (fp_line (start -2 0.9) (end 1.54 0.9) (layer F.SilkS) (width 0.15))
    (fp_line (start -2 -0.9) (end 1.54 -0.9) (layer F.SilkS) (width 0.15))
    (pad 1 smd rect (at -1.635 0) (size 0.91 1.22) (layers F.Cu F.Paste F.Mask)
      (net 45 "/MOSFET Drive/DRIVE_S"))
    (pad 2 smd rect (at 1.635 0) (size 0.91 1.22) (layers F.Cu F.Paste F.Mask)
      (net 12 /S))
  )

  (module Pin_Headers:Pin_Header_Straight_1x02 (layer F.Cu) (tedit 5A5AEBBE) (tstamp 5A5AC42A)
    (at 114.046 108.204)
    (descr "Through hole pin header")
    (tags "pin header")
    (path /5A51A678)
    (fp_text reference J3 (at 0 -5.1) (layer F.SilkS) hide
      (effects (font (size 1 1) (thickness 0.15)))
    )
    (fp_text value PWR (at 0 -3.1) (layer F.SilkS)
      (effects (font (size 1 1) (thickness 0.15)))
    )
    (fp_line (start 1.27 1.27) (end 1.27 3.81) (layer F.SilkS) (width 0.15))
    (fp_line (start 1.55 -1.55) (end 1.55 0) (layer F.SilkS) (width 0.15))
    (fp_line (start -1.75 -1.75) (end -1.75 4.3) (layer F.CrtYd) (width 0.05))
    (fp_line (start 1.75 -1.75) (end 1.75 4.3) (layer F.CrtYd) (width 0.05))
    (fp_line (start -1.75 -1.75) (end 1.75 -1.75) (layer F.CrtYd) (width 0.05))
    (fp_line (start -1.75 4.3) (end 1.75 4.3) (layer F.CrtYd) (width 0.05))
    (fp_line (start 1.27 1.27) (end -1.27 1.27) (layer F.SilkS) (width 0.15))
    (fp_line (start -1.55 0) (end -1.55 -1.55) (layer F.SilkS) (width 0.15))
    (fp_line (start -1.55 -1.55) (end 1.55 -1.55) (layer F.SilkS) (width 0.15))
    (fp_line (start -1.27 1.27) (end -1.27 3.81) (layer F.SilkS) (width 0.15))
    (fp_line (start -1.27 3.81) (end 1.27 3.81) (layer F.SilkS) (width 0.15))
    (pad 1 thru_hole rect (at 0 0) (size 2.032 2.032) (drill 1.016) (layers *.Cu *.Mask F.SilkS)
      (net 2 GND))
    (pad 2 thru_hole oval (at 0 2.54) (size 2.032 2.032) (drill 1.016) (layers *.Cu *.Mask F.SilkS)
      (net 13 "Net-(J3-Pad2)"))
    (model Pin_Headers.3dshapes/Pin_Header_Straight_1x02.wrl
      (at (xyz 0 -0.05 0))
      (scale (xyz 1 1 1))
      (rotate (xyz 0 0 90))
    )
  )

  (module LEDs:LED-3MM (layer F.Cu) (tedit 5A5AD7D1) (tstamp 5A5AC43A)
    (at 149.86 83.058 180)
    (descr "LED 3mm round vertical")
    (tags "LED  3mm round vertical")
    (path /5A51A80B)
    (fp_text reference LED1 (at -3 0 180) (layer F.SilkS)
      (effects (font (size 1 1) (thickness 0.15)))
    )
    (fp_text value LED (at 1.3 -2.9 180) (layer F.Fab) hide
      (effects (font (size 1 1) (thickness 0.15)))
    )
    (fp_line (start -1.2 2.3) (end 3.8 2.3) (layer F.CrtYd) (width 0.05))
    (fp_line (start 3.8 2.3) (end 3.8 -2.2) (layer F.CrtYd) (width 0.05))
    (fp_line (start 3.8 -2.2) (end -1.2 -2.2) (layer F.CrtYd) (width 0.05))
    (fp_line (start -1.2 -2.2) (end -1.2 2.3) (layer F.CrtYd) (width 0.05))
    (fp_line (start -0.199 1.314) (end -0.199 1.114) (layer F.SilkS) (width 0.15))
    (fp_line (start -0.199 -1.28) (end -0.199 -1.1) (layer F.SilkS) (width 0.15))
    (fp_arc (start 1.301 0.034) (end -0.199 -1.286) (angle 108.5) (layer F.SilkS) (width 0.15))
    (fp_arc (start 1.301 0.034) (end 0.25 -1.1) (angle 85.7) (layer F.SilkS) (width 0.15))
    (fp_arc (start 1.311 0.034) (end 3.051 0.994) (angle 110) (layer F.SilkS) (width 0.15))
    (fp_arc (start 1.301 0.034) (end 2.335 1.094) (angle 87.5) (layer F.SilkS) (width 0.15))
    (fp_text user K (at -1.69 1.74 180) (layer F.SilkS)
      (effects (font (size 1 1) (thickness 0.15)))
    )
    (pad 1 thru_hole rect (at 0 0 270) (size 2 2) (drill 1.00076) (layers *.Cu *.Mask F.SilkS)
      (net 4 /1))
    (pad 2 thru_hole circle (at 2.54 0 180) (size 2 2) (drill 1.00076) (layers *.Cu *.Mask F.SilkS)
      (net 37 "/MOSFET Drive/DRIVE_1"))
    (model LEDs.3dshapes/LED-3MM.wrl
      (at (xyz 0.05 0 0))
      (scale (xyz 1 1 1))
      (rotate (xyz 0 0 90))
    )
  )

  (module LEDs:LED-3MM (layer F.Cu) (tedit 5A5AD7EB) (tstamp 5A5AC440)
    (at 149.86 87.4395 180)
    (descr "LED 3mm round vertical")
    (tags "LED  3mm round vertical")
    (path /5A51A9F5)
    (fp_text reference LED2 (at -3 0 180) (layer F.SilkS)
      (effects (font (size 1 1) (thickness 0.15)))
    )
    (fp_text value LED (at 1.3 -2.9 180) (layer F.Fab) hide
      (effects (font (size 1 1) (thickness 0.15)))
    )
    (fp_line (start -1.2 2.3) (end 3.8 2.3) (layer F.CrtYd) (width 0.05))
    (fp_line (start 3.8 2.3) (end 3.8 -2.2) (layer F.CrtYd) (width 0.05))
    (fp_line (start 3.8 -2.2) (end -1.2 -2.2) (layer F.CrtYd) (width 0.05))
    (fp_line (start -1.2 -2.2) (end -1.2 2.3) (layer F.CrtYd) (width 0.05))
    (fp_line (start -0.199 1.314) (end -0.199 1.114) (layer F.SilkS) (width 0.15))
    (fp_line (start -0.199 -1.28) (end -0.199 -1.1) (layer F.SilkS) (width 0.15))
    (fp_arc (start 1.301 0.034) (end -0.199 -1.286) (angle 108.5) (layer F.SilkS) (width 0.15))
    (fp_arc (start 1.301 0.034) (end 0.25 -1.1) (angle 85.7) (layer F.SilkS) (width 0.15))
    (fp_arc (start 1.311 0.034) (end 3.051 0.994) (angle 110) (layer F.SilkS) (width 0.15))
    (fp_arc (start 1.301 0.034) (end 2.335 1.094) (angle 87.5) (layer F.SilkS) (width 0.15))
    (fp_text user K (at -1.69 1.74 180) (layer F.SilkS)
      (effects (font (size 1 1) (thickness 0.15)))
    )
    (pad 1 thru_hole rect (at 0 0 270) (size 2 2) (drill 1.00076) (layers *.Cu *.Mask F.SilkS)
      (net 5 /2))
    (pad 2 thru_hole circle (at 2.54 0 180) (size 2 2) (drill 1.00076) (layers *.Cu *.Mask F.SilkS)
      (net 38 "/MOSFET Drive/DRIVE_2"))
    (model LEDs.3dshapes/LED-3MM.wrl
      (at (xyz 0.05 0 0))
      (scale (xyz 1 1 1))
      (rotate (xyz 0 0 90))
    )
  )

  (module LEDs:LED-3MM (layer F.Cu) (tedit 5A5AD7F2) (tstamp 5A5AC446)
    (at 149.86 91.821 180)
    (descr "LED 3mm round vertical")
    (tags "LED  3mm round vertical")
    (path /5A51AABD)
    (fp_text reference LED3 (at -3 0 180) (layer F.SilkS)
      (effects (font (size 1 1) (thickness 0.15)))
    )
    (fp_text value LED (at 1.3 -2.9 180) (layer F.Fab) hide
      (effects (font (size 1 1) (thickness 0.15)))
    )
    (fp_line (start -1.2 2.3) (end 3.8 2.3) (layer F.CrtYd) (width 0.05))
    (fp_line (start 3.8 2.3) (end 3.8 -2.2) (layer F.CrtYd) (width 0.05))
    (fp_line (start 3.8 -2.2) (end -1.2 -2.2) (layer F.CrtYd) (width 0.05))
    (fp_line (start -1.2 -2.2) (end -1.2 2.3) (layer F.CrtYd) (width 0.05))
    (fp_line (start -0.199 1.314) (end -0.199 1.114) (layer F.SilkS) (width 0.15))
    (fp_line (start -0.199 -1.28) (end -0.199 -1.1) (layer F.SilkS) (width 0.15))
    (fp_arc (start 1.301 0.034) (end -0.199 -1.286) (angle 108.5) (layer F.SilkS) (width 0.15))
    (fp_arc (start 1.301 0.034) (end 0.25 -1.1) (angle 85.7) (layer F.SilkS) (width 0.15))
    (fp_arc (start 1.311 0.034) (end 3.051 0.994) (angle 110) (layer F.SilkS) (width 0.15))
    (fp_arc (start 1.301 0.034) (end 2.335 1.094) (angle 87.5) (layer F.SilkS) (width 0.15))
    (fp_text user K (at -1.69 1.74 180) (layer F.SilkS)
      (effects (font (size 1 1) (thickness 0.15)))
    )
    (pad 1 thru_hole rect (at 0 0 270) (size 2 2) (drill 1.00076) (layers *.Cu *.Mask F.SilkS)
      (net 6 /3))
    (pad 2 thru_hole circle (at 2.54 0 180) (size 2 2) (drill 1.00076) (layers *.Cu *.Mask F.SilkS)
      (net 39 "/MOSFET Drive/DRIVE_3"))
    (model LEDs.3dshapes/LED-3MM.wrl
      (at (xyz 0.05 0 0))
      (scale (xyz 1 1 1))
      (rotate (xyz 0 0 90))
    )
  )

  (module LEDs:LED-3MM (layer F.Cu) (tedit 5A5AD7FB) (tstamp 5A5AC44C)
    (at 149.86 96.2025 180)
    (descr "LED 3mm round vertical")
    (tags "LED  3mm round vertical")
    (path /5A51AAC9)
    (fp_text reference LED4 (at -3 0 180) (layer F.SilkS)
      (effects (font (size 1 1) (thickness 0.15)))
    )
    (fp_text value LED (at 1.3 -2.9 180) (layer F.Fab) hide
      (effects (font (size 1 1) (thickness 0.15)))
    )
    (fp_line (start -1.2 2.3) (end 3.8 2.3) (layer F.CrtYd) (width 0.05))
    (fp_line (start 3.8 2.3) (end 3.8 -2.2) (layer F.CrtYd) (width 0.05))
    (fp_line (start 3.8 -2.2) (end -1.2 -2.2) (layer F.CrtYd) (width 0.05))
    (fp_line (start -1.2 -2.2) (end -1.2 2.3) (layer F.CrtYd) (width 0.05))
    (fp_line (start -0.199 1.314) (end -0.199 1.114) (layer F.SilkS) (width 0.15))
    (fp_line (start -0.199 -1.28) (end -0.199 -1.1) (layer F.SilkS) (width 0.15))
    (fp_arc (start 1.301 0.034) (end -0.199 -1.286) (angle 108.5) (layer F.SilkS) (width 0.15))
    (fp_arc (start 1.301 0.034) (end 0.25 -1.1) (angle 85.7) (layer F.SilkS) (width 0.15))
    (fp_arc (start 1.311 0.034) (end 3.051 0.994) (angle 110) (layer F.SilkS) (width 0.15))
    (fp_arc (start 1.301 0.034) (end 2.335 1.094) (angle 87.5) (layer F.SilkS) (width 0.15))
    (fp_text user K (at -1.69 1.74 180) (layer F.SilkS)
      (effects (font (size 1 1) (thickness 0.15)))
    )
    (pad 1 thru_hole rect (at 0 0 270) (size 2 2) (drill 1.00076) (layers *.Cu *.Mask F.SilkS)
      (net 7 /4))
    (pad 2 thru_hole circle (at 2.54 0 180) (size 2 2) (drill 1.00076) (layers *.Cu *.Mask F.SilkS)
      (net 40 "/MOSFET Drive/DRIVE_4"))
    (model LEDs.3dshapes/LED-3MM.wrl
      (at (xyz 0.05 0 0))
      (scale (xyz 1 1 1))
      (rotate (xyz 0 0 90))
    )
  )

  (module LEDs:LED-3MM (layer F.Cu) (tedit 5A5AD800) (tstamp 5A5AC452)
    (at 149.86 100.584 180)
    (descr "LED 3mm round vertical")
    (tags "LED  3mm round vertical")
    (path /5A51CADE)
    (fp_text reference LED5 (at -3 0 180) (layer F.SilkS)
      (effects (font (size 1 1) (thickness 0.15)))
    )
    (fp_text value LED (at 1.3 -2.9 180) (layer F.Fab) hide
      (effects (font (size 1 1) (thickness 0.15)))
    )
    (fp_line (start -1.2 2.3) (end 3.8 2.3) (layer F.CrtYd) (width 0.05))
    (fp_line (start 3.8 2.3) (end 3.8 -2.2) (layer F.CrtYd) (width 0.05))
    (fp_line (start 3.8 -2.2) (end -1.2 -2.2) (layer F.CrtYd) (width 0.05))
    (fp_line (start -1.2 -2.2) (end -1.2 2.3) (layer F.CrtYd) (width 0.05))
    (fp_line (start -0.199 1.314) (end -0.199 1.114) (layer F.SilkS) (width 0.15))
    (fp_line (start -0.199 -1.28) (end -0.199 -1.1) (layer F.SilkS) (width 0.15))
    (fp_arc (start 1.301 0.034) (end -0.199 -1.286) (angle 108.5) (layer F.SilkS) (width 0.15))
    (fp_arc (start 1.301 0.034) (end 0.25 -1.1) (angle 85.7) (layer F.SilkS) (width 0.15))
    (fp_arc (start 1.311 0.034) (end 3.051 0.994) (angle 110) (layer F.SilkS) (width 0.15))
    (fp_arc (start 1.301 0.034) (end 2.335 1.094) (angle 87.5) (layer F.SilkS) (width 0.15))
    (fp_text user K (at -1.69 1.74 180) (layer F.SilkS)
      (effects (font (size 1 1) (thickness 0.15)))
    )
    (pad 1 thru_hole rect (at 0 0 270) (size 2 2) (drill 1.00076) (layers *.Cu *.Mask F.SilkS)
      (net 8 /5))
    (pad 2 thru_hole circle (at 2.54 0 180) (size 2 2) (drill 1.00076) (layers *.Cu *.Mask F.SilkS)
      (net 41 "/MOSFET Drive/DRIVE_5"))
    (model LEDs.3dshapes/LED-3MM.wrl
      (at (xyz 0.05 0 0))
      (scale (xyz 1 1 1))
      (rotate (xyz 0 0 90))
    )
  )

  (module LEDs:LED-3MM (layer F.Cu) (tedit 5A5AD806) (tstamp 5A5AC458)
    (at 149.86 104.9655 180)
    (descr "LED 3mm round vertical")
    (tags "LED  3mm round vertical")
    (path /5A51CAAE)
    (fp_text reference LED6 (at -3 0 180) (layer F.SilkS)
      (effects (font (size 1 1) (thickness 0.15)))
    )
    (fp_text value LED (at 1.3 -2.9 180) (layer F.Fab) hide
      (effects (font (size 1 1) (thickness 0.15)))
    )
    (fp_line (start -1.2 2.3) (end 3.8 2.3) (layer F.CrtYd) (width 0.05))
    (fp_line (start 3.8 2.3) (end 3.8 -2.2) (layer F.CrtYd) (width 0.05))
    (fp_line (start 3.8 -2.2) (end -1.2 -2.2) (layer F.CrtYd) (width 0.05))
    (fp_line (start -1.2 -2.2) (end -1.2 2.3) (layer F.CrtYd) (width 0.05))
    (fp_line (start -0.199 1.314) (end -0.199 1.114) (layer F.SilkS) (width 0.15))
    (fp_line (start -0.199 -1.28) (end -0.199 -1.1) (layer F.SilkS) (width 0.15))
    (fp_arc (start 1.301 0.034) (end -0.199 -1.286) (angle 108.5) (layer F.SilkS) (width 0.15))
    (fp_arc (start 1.301 0.034) (end 0.25 -1.1) (angle 85.7) (layer F.SilkS) (width 0.15))
    (fp_arc (start 1.311 0.034) (end 3.051 0.994) (angle 110) (layer F.SilkS) (width 0.15))
